# r(Å)   g(r)   (FINAL_STRUCTURE)
2.506293202764977093e-02 0.000000000000000000e+00
7.518879608294931627e-02 0.000000000000000000e+00
1.253146601382488512e-01 0.000000000000000000e+00
1.754405241935483861e-01 0.000000000000000000e+00
2.255663882488479488e-01 0.000000000000000000e+00
2.756922523041475115e-01 0.000000000000000000e+00
3.258181163594470187e-01 0.000000000000000000e+00
3.759439804147465258e-01 0.000000000000000000e+00
4.260698444700461440e-01 0.000000000000000000e+00
4.761957085253456512e-01 0.000000000000000000e+00
5.263215725806451584e-01 0.000000000000000000e+00
5.764474366359446655e-01 0.000000000000000000e+00
6.265733006912442837e-01 0.000000000000000000e+00
6.766991647465437909e-01 0.000000000000000000e+00
7.268250288018434091e-01 0.000000000000000000e+00
7.769508928571429163e-01 0.000000000000000000e+00
8.270767569124424234e-01 0.000000000000000000e+00
8.772026209677419306e-01 0.000000000000000000e+00
9.273284850230415488e-01 0.000000000000000000e+00
9.774543490783410560e-01 0.000000000000000000e+00
1.027580213133640452e+00 0.000000000000000000e+00
1.077706077188940181e+00 0.000000000000000000e+00
1.127831941244239689e+00 0.000000000000000000e+00
1.177957805299539196e+00 0.000000000000000000e+00
1.228083669354838925e+00 0.000000000000000000e+00
1.278209533410138210e+00 0.000000000000000000e+00
1.328335397465437939e+00 0.000000000000000000e+00
1.378461261520737224e+00 0.000000000000000000e+00
1.428587125576036954e+00 0.000000000000000000e+00
1.478712989631336683e+00 0.000000000000000000e+00
1.528838853686635968e+00 0.000000000000000000e+00
1.578964717741935697e+00 0.000000000000000000e+00
1.629090581797234982e+00 0.000000000000000000e+00
1.679216445852534711e+00 0.000000000000000000e+00
1.729342309907833997e+00 0.000000000000000000e+00
1.779468173963133726e+00 0.000000000000000000e+00
1.829594038018433455e+00 0.000000000000000000e+00
1.879719902073732740e+00 0.000000000000000000e+00
1.929845766129032469e+00 0.000000000000000000e+00
1.979971630184331755e+00 0.000000000000000000e+00
2.030097494239631484e+00 0.000000000000000000e+00
2.080223358294930769e+00 0.000000000000000000e+00
2.130349222350230498e+00 0.000000000000000000e+00
2.180475086405530227e+00 3.209645057334081231e-01
2.230600950460829512e+00 1.329041210101050252e+00
2.280726814516129242e+00 3.495981811355410418e+00
2.330852678571428527e+00 5.734781065552853718e+00
2.380978542626728256e+00 5.720188263374426541e+00
2.431104406682027985e+00 3.872995959434370583e+00
2.481230270737327270e+00 1.755768120200494664e+00
2.531356134792626555e+00 5.160001195406113128e-01
2.581481998847926285e+00 9.541470293706484640e-02
2.631607862903226014e+00 7.345166682986814521e-02
2.681733726958525743e+00 7.073155153326957101e-02
2.731859591013825028e+00 1.703994593805914851e-02
2.781985455069124313e+00 1.643144229564404840e-02
2.832111319124424043e+00 0.000000000000000000e+00
2.882237183179723772e+00 0.000000000000000000e+00
2.932363047235023501e+00 4.436825506595303004e-02
2.982488911290322786e+00 1.429648415912296126e-02
3.032614775345622071e+00 0.000000000000000000e+00
3.082740639400921800e+00 0.000000000000000000e+00
3.132866503456221530e+00 0.000000000000000000e+00
3.182992367511520815e+00 0.000000000000000000e+00
3.233118231566820544e+00 0.000000000000000000e+00
3.283244095622119829e+00 0.000000000000000000e+00
3.333369959677419558e+00 0.000000000000000000e+00
3.383495823732719288e+00 3.332569132797866956e-02
3.433621687788018573e+00 2.157319858692119396e-02
3.483747551843317858e+00 3.143529602940713097e-02
3.533873415898617587e+00 1.731158400052830448e-01
3.583999279953917316e+00 4.356191017264113841e-01
3.634125144009217045e+00 9.918082757414414807e-01
3.684251008064516331e+00 1.592725544714487462e+00
3.734376872119815616e+00 2.753983147722181002e+00
3.784502736175115345e+00 3.702620524643981170e+00
3.834628600230415074e+00 3.995639728505373967e+00
3.884754464285714803e+00 4.087010086753559257e+00
3.934880328341014089e+00 3.227905154640551277e+00
3.985006192396313374e+00 2.346394534488456252e+00
4.035132056451613103e+00 1.327776498286490803e+00
4.085257920506912832e+00 7.162763123340298854e-01
4.135383784562211673e+00 4.387450187075195851e-01
4.185509648617511402e+00 3.048909617378158243e-01
4.235635512672811132e+00 5.245496900611227309e-01
4.285761376728110861e+00 7.062141143546867283e-01
4.335887240783410590e+00 1.149966717297973728e+00
4.386013104838710319e+00 1.930347155304195317e+00
4.436138968894009160e+00 2.319939652432316812e+00
4.486264832949308889e+00 2.470583690954666789e+00
4.536390697004608619e+00 2.490444514931433151e+00
4.586516561059908348e+00 2.242852948690158055e+00
4.636642425115207189e+00 1.857442397123805433e+00
4.686768289170506918e+00 1.210019379841210663e+00
4.736894153225806647e+00 6.234453886732485017e-01
4.787020017281106377e+00 4.661674826702150720e-01
4.837145881336406106e+00 2.771947908134844152e-01
4.887271745391705835e+00 1.118097451991653113e-01
4.937397609447004676e+00 7.303402671373331045e-02
4.987523473502304405e+00 7.157339535896527216e-02
5.037649337557604134e+00 9.020076065386653519e-02
5.087775201612902976e+00 7.369347959396671532e-02
5.137901065668202705e+00 1.252551449793830873e-01
5.188026929723502434e+00 2.126188854414542140e-01
5.238152793778802163e+00 3.244408619328820742e-01
5.288278657834101892e+00 5.047638095953693727e-01
5.338404521889401622e+00 6.872135530938212611e-01
5.388530385944700463e+00 8.058814594809251552e-01
5.438656250000000192e+00 8.469876483293297120e-01
5.488782114055299921e+00 8.062607385539062310e-01
5.538907978110599650e+00 6.466517836704159805e-01
5.589033842165898491e+00 6.310335557652758665e-01
5.639159706221198221e+00 5.518799083214784851e-01
5.689285570276497950e+00 5.225531981211476440e-01
5.739411434331797679e+00 6.833338488969498137e-01
5.789537298387097408e+00 9.978435826394609354e-01
5.839663162442397137e+00 1.249291230078491743e+00
5.889789026497695978e+00 1.561725300374789738e+00
5.939914890552995708e+00 1.712094504015746699e+00
5.990040754608295437e+00 1.385835920667854770e+00
6.040166618663594278e+00 1.178185071276328211e+00
6.090292482718894007e+00 8.571531050536587149e-01
6.140418346774193736e+00 5.430310819631976038e-01
6.190544210829493466e+00 2.853879058908568855e-01
6.240670074884793195e+00 1.893914448879502888e-01
6.290795938940092924e+00 1.478228202511312483e-01
6.340921802995391765e+00 2.656864310067253987e-01
6.391047667050691494e+00 4.421189704950735933e-01
6.441173531105991223e+00 7.111364498241443677e-01
6.491299395161290953e+00 1.195162319743237056e+00
6.541425259216589794e+00 1.670269568784606085e+00
6.591551123271889523e+00 2.104498852760548822e+00
6.641676987327189252e+00 2.202586343125742196e+00
6.691802851382488981e+00 2.374188061802270155e+00
6.741928715437788711e+00 2.190728682222879087e+00
6.792054579493088440e+00 1.849759898848352124e+00
6.842180443548387281e+00 1.567407676844614350e+00
6.892306307603687010e+00 1.351940159704737798e+00
6.942432171658986739e+00 1.295547856582204949e+00
6.992558035714285580e+00 1.407085188938860476e+00
7.042683899769585310e+00 1.343538780586611914e+00
7.092809763824885039e+00 1.418148061007205030e+00
7.142935627880184768e+00 1.124134903274416120e+00
7.193061491935484497e+00 9.536731761427300613e-01
7.243187355990784226e+00 7.393257174611603810e-01
7.293313220046083067e+00 4.327372493580987634e-01
7.343439084101382797e+00 4.244914732124217549e-01
7.393564948156682526e+00 2.977814683313328437e-01
7.443690812211982255e+00 3.075556087192891641e-01
7.493816676267281096e+00 4.280073244249166797e-01
7.543942540322580825e+00 5.407719665270381837e-01
7.594068404377880555e+00 7.100720704910552517e-01
7.644194268433180284e+00 8.531359147413006827e-01
7.694320132488480013e+00 9.516096383570088468e-01
7.744445996543779742e+00 1.070794904669589709e+00
7.794571860599078583e+00 1.094744588120723616e+00
7.844697724654378312e+00 1.136595493007673596e+00
7.894823588709678042e+00 1.340528945200931243e+00
7.944949452764976883e+00 1.446564730271952426e+00
7.995075316820276612e+00 1.438430560627805832e+00
8.045201180875576341e+00 1.672058558690911356e+00
8.095327044930876070e+00 1.536923114460665873e+00
8.145452908986175800e+00 1.228636264543141010e+00
8.195578773041475529e+00 1.031889126132575107e+00
8.245704637096775258e+00 8.061531024192044592e-01
8.295830501152074987e+00 6.615445723546061751e-01
8.345956365207372940e+00 5.988491866645005990e-01
8.396082229262672669e+00 6.530569555057634812e-01
8.446208093317972398e+00 9.091645480536143520e-01
8.496333957373272128e+00 1.023549543984872523e+00
8.546459821428571857e+00 1.159571730598141004e+00
8.596585685483871586e+00 1.417983358470179311e+00
8.646711549539171315e+00 1.386282034939862129e+00
8.696837413594471045e+00 1.274507650088763322e+00
8.746963277649770774e+00 1.107020286556183786e+00
8.797089141705068727e+00 1.015562041547209304e+00
8.847215005760368456e+00 9.374727084390008791e-01
8.897340869815668185e+00 8.819579564052828502e-01
8.947466733870967914e+00 7.942657383014691819e-01
8.997592597926267644e+00 6.440613368800078842e-01
9.047718461981567373e+00 5.204304336471399228e-01
9.097844326036867102e+00 4.363524152726370731e-01
9.147970190092166831e+00 3.084910830329672948e-01
9.198096054147466560e+00 2.299808211773161359e-01
9.248221918202766290e+00 2.899440551849259973e-01
9.298347782258064242e+00 3.574298307265542096e-01
9.348473646313363972e+00 4.481933466438503544e-01
9.398599510368663701e+00 5.657992641803732958e-01
9.448725374423963430e+00 6.509773438473775986e-01
9.498851238479263159e+00 7.681578398831775401e-01
9.548977102534562889e+00 8.437966928171606318e-01
9.599102966589862618e+00 9.136773259057922036e-01
9.649228830645162347e+00 1.117285752789082709e+00
9.699354694700462076e+00 1.153080233520883624e+00
9.749480558755760029e+00 1.102453917943601702e+00
9.799606422811059758e+00 1.032936285556160128e+00
9.849732286866359487e+00 9.084072452675184817e-01
9.899858150921659217e+00 9.199929703904333733e-01
9.949984014976958946e+00 9.903890701385614781e-01
1.000010987903225868e+01 1.169969444089419719e+00
1.005023574308755840e+01 1.518416992018136513e+00
1.010036160714285813e+01 1.833728698610908259e+00
1.015048747119815786e+01 2.164970848223402022e+00
1.020061333525345759e+01 2.188967362645651171e+00
1.025073919930875554e+01 2.320107052972665063e+00
1.030086506336405527e+01 2.200500993396753646e+00
1.035099092741935500e+01 2.086658177011976978e+00
1.040111679147465473e+01 1.874981755802095806e+00
1.045124265552995446e+01 1.725474931431433712e+00
1.050136851958525419e+01 1.562585599214954213e+00
1.055149438364055392e+01 1.167398901201637473e+00
1.060162024769585365e+01 9.504540707571472735e-01
1.065174611175115338e+01 6.041482147128190983e-01
1.070187197580645133e+01 5.185536904256885515e-01
1.075199783986175106e+01 3.784220764856556785e-01
1.080212370391705079e+01 3.574801380073815427e-01
1.085224956797235052e+01 3.703829172940496517e-01
