# r(Å)   g(r)   (FINAL_STRUCTURE)
2.506293202764977093e-02 0.000000000000000000e+00
7.518879608294931627e-02 0.000000000000000000e+00
1.253146601382488512e-01 0.000000000000000000e+00
1.754405241935483861e-01 0.000000000000000000e+00
2.255663882488479488e-01 0.000000000000000000e+00
2.756922523041475115e-01 0.000000000000000000e+00
3.258181163594470187e-01 0.000000000000000000e+00
3.759439804147465258e-01 0.000000000000000000e+00
4.260698444700461440e-01 0.000000000000000000e+00
4.761957085253456512e-01 0.000000000000000000e+00
5.263215725806451584e-01 0.000000000000000000e+00
5.764474366359446655e-01 0.000000000000000000e+00
6.265733006912442837e-01 0.000000000000000000e+00
6.766991647465437909e-01 0.000000000000000000e+00
7.268250288018434091e-01 0.000000000000000000e+00
7.769508928571429163e-01 0.000000000000000000e+00
8.270767569124424234e-01 0.000000000000000000e+00
8.772026209677419306e-01 0.000000000000000000e+00
9.273284850230415488e-01 0.000000000000000000e+00
9.774543490783410560e-01 0.000000000000000000e+00
1.027580213133640452e+00 0.000000000000000000e+00
1.077706077188940181e+00 0.000000000000000000e+00
1.127831941244239689e+00 0.000000000000000000e+00
1.177957805299539196e+00 0.000000000000000000e+00
1.228083669354838925e+00 0.000000000000000000e+00
1.278209533410138210e+00 0.000000000000000000e+00
1.328335397465437939e+00 0.000000000000000000e+00
1.378461261520737224e+00 0.000000000000000000e+00
1.428587125576036954e+00 0.000000000000000000e+00
1.478712989631336683e+00 0.000000000000000000e+00
1.528838853686635968e+00 0.000000000000000000e+00
1.578964717741935697e+00 0.000000000000000000e+00
1.629090581797234982e+00 0.000000000000000000e+00
1.679216445852534711e+00 0.000000000000000000e+00
1.729342309907833997e+00 0.000000000000000000e+00
1.779468173963133726e+00 0.000000000000000000e+00
1.829594038018433455e+00 0.000000000000000000e+00
1.879719902073732740e+00 0.000000000000000000e+00
1.929845766129032469e+00 0.000000000000000000e+00
1.979971630184331755e+00 0.000000000000000000e+00
2.030097494239631484e+00 0.000000000000000000e+00
2.080223358294930769e+00 0.000000000000000000e+00
2.130349222350230498e+00 5.516703198041342238e-02
2.180475086405530227e+00 3.949491099637084668e-01
2.230600950460829512e+00 1.283155820686320947e+00
2.280726814516129242e+00 3.706192443285018623e+00
2.330852678571428527e+00 5.737520150236153249e+00
2.380978542626728256e+00 5.785561998159801433e+00
2.431104406682027985e+00 3.727874858234934585e+00
2.481230270737327270e+00 1.626718249499988334e+00
2.531356134792626555e+00 4.493434430102513089e-01
2.581481998847926285e+00 1.314974880050911732e-01
2.631607862903226014e+00 1.807655981992139366e-02
2.681733726958525743e+00 0.000000000000000000e+00
2.731859591013825028e+00 0.000000000000000000e+00
2.781985455069124313e+00 0.000000000000000000e+00
2.832111319124424043e+00 0.000000000000000000e+00
2.882237183179723772e+00 4.520871251666398055e-02
2.932363047235023501e+00 1.455878768393217663e-02
2.982488911290322786e+00 1.407354045296394136e-02
3.032614775345622071e+00 1.361215491766976267e-02
3.082740639400921800e+00 0.000000000000000000e+00
3.132866503456221530e+00 0.000000000000000000e+00
3.182992367511520815e+00 0.000000000000000000e+00
3.233118231566820544e+00 0.000000000000000000e+00
3.283244095622119829e+00 0.000000000000000000e+00
3.333369959677419558e+00 0.000000000000000000e+00
3.383495823732719288e+00 2.187066693261128722e-02
3.433621687788018573e+00 2.123677959095402260e-02
3.483747551843317858e+00 8.252022532657858622e-02
3.533873415898617587e+00 1.904651860953445741e-01
3.583999279953917316e+00 3.995877941701848624e-01
3.634125144009217045e+00 8.720722131958719148e-01
3.684251008064516331e+00 1.687785425224918479e+00
3.734376872119815616e+00 2.657175043701623718e+00
3.784502736175115345e+00 3.907102374040447579e+00
3.834628600230415074e+00 4.529289680258293593e+00
3.884754464285714803e+00 4.106230157595367913e+00
3.934880328341014089e+00 3.193739054179562054e+00
3.985006192396313374e+00 1.994472522925250679e+00
4.035132056451613103e+00 1.237872886029512509e+00
4.085257920506912832e+00 6.075917561712912418e-01
4.135383784562211673e+00 3.806603557396799897e-01
4.185509648617511402e+00 3.787435519911697690e-01
4.235635512672811132e+00 3.279645412489473055e-01
4.285761376728110861e+00 7.838052716409197318e-01
4.335887240783410590e+00 1.158669876966267331e+00
4.386013104838710319e+00 1.678983363356731262e+00
4.436138968894009160e+00 2.302846171027649103e+00
4.486264832949308889e+00 2.786602004561469670e+00
4.536390697004608619e+00 2.859195164256125299e+00
4.586516561059908348e+00 2.678018191580146201e+00
4.636642425115207189e+00 1.665427983994964389e+00
4.686768289170506918e+00 1.003073659761456238e+00
4.736894153225806647e+00 5.802473818706570530e-01
4.787020017281106377e+00 2.895427388253089540e-01
4.837145881336406106e+00 1.658634523276960315e-01
4.887271745391705835e+00 7.337743343430885856e-02
4.937397609447004676e+00 2.567682570359887395e-02
4.987523473502304405e+00 3.522862907163089308e-02
5.037649337557604134e+00 4.933007925511700975e-02
5.087775201612902976e+00 7.738056655175001852e-02
5.137901065668202705e+00 1.470137779650001197e-01
5.188026929723502434e+00 1.813961431647715394e-01
5.238152793778802163e+00 3.056936571262267588e-01
5.288278657834101892e+00 5.103218933007700464e-01
5.338404521889401622e+00 6.545327504478526404e-01
5.388530385944700463e+00 9.312820041132076065e-01
5.438656250000000192e+00 9.226595109126718430e-01
5.488782114055299921e+00 9.183506481987018244e-01
5.538907978110599650e+00 7.018566946564374076e-01
5.589033842165898491e+00 6.412315120290998927e-01
5.639159706221198221e+00 4.094236774130667333e-01
5.689285570276497950e+00 4.718596249233699691e-01
5.739411434331797679e+00 5.700658760936534453e-01
5.789537298387097408e+00 1.008427319426079993e+00
5.839663162442397137e+00 1.395007682229889356e+00
5.889789026497695978e+00 1.728640479955956932e+00
5.939914890552995708e+00 1.727973998255345256e+00
5.990040754608295437e+00 1.489831148559723539e+00
6.040166618663594278e+00 1.008830639938803841e+00
6.090292482718894007e+00 7.492823230181903105e-01
6.140418346774193736e+00 4.083927674440648858e-01
6.190544210829493466e+00 2.678706208531225763e-01
6.240670074884793195e+00 1.478646344152331482e-01
6.290795938940092924e+00 1.708250396848824126e-01
6.340921802995391765e+00 2.335207466894375916e-01
6.391047667050691494e+00 4.076397861156382807e-01
6.441173531105991223e+00 6.728897856684417089e-01
6.491299395161290953e+00 1.105220075374096167e+00
6.541425259216589794e+00 1.731992783569545669e+00
6.591551123271889523e+00 2.114900701520583848e+00
6.641676987327189252e+00 2.599615846252087081e+00
6.691802851382488981e+00 2.555225033384152411e+00
6.741928715437788711e+00 2.217158959416619002e+00
6.792054579493088440e+00 1.782921934245254691e+00
6.842180443548387281e+00 1.417281585236997321e+00
6.892306307603687010e+00 1.199089516452572113e+00
6.942432171658986739e+00 1.277942134086184289e+00
6.992558035714285580e+00 1.428668416406369657e+00
7.042683899769585310e+00 1.494220687008844362e+00
7.092809763824885039e+00 1.460733313459911420e+00
7.142935627880184768e+00 1.266093300052196557e+00
7.193061491935484497e+00 9.992910826251530931e-01
7.243187355990784226e+00 6.681410016165317822e-01
7.293313220046083067e+00 3.718578129433799950e-01
7.343439084101382797e+00 2.367940339104931402e-01
7.393564948156682526e+00 1.832111086744765138e-01
7.443690812211982255e+00 2.236805212138105459e-01
7.493816676267281096e+00 3.722888132347888512e-01
7.543942540322580825e+00 5.675349718611916172e-01
7.594068404377880555e+00 7.641231210933889795e-01
7.644194268433180284e+00 9.255289828032789989e-01
7.694320132488480013e+00 1.034041772473081933e+00
7.744445996543779742e+00 1.045747324414087354e+00
7.794571860599078583e+00 1.114762886845412027e+00
7.844697724654378312e+00 1.090390723748909219e+00
7.894823588709678042e+00 1.231247663117223112e+00
7.944949452764976883e+00 1.429956449663944307e+00
7.995075316820276612e+00 1.703899498713452809e+00
8.045201180875576341e+00 1.630510561020614313e+00
8.095327044930876070e+00 1.686792970877750486e+00
8.145452908986175800e+00 1.273629740048196179e+00
8.195578773041475529e+00 9.915675014812824761e-01
8.245704637096775258e+00 6.739000107567096887e-01
8.295830501152074987e+00 5.129786740889609176e-01
8.345956365207372940e+00 4.475247780319285273e-01
8.396082229262672669e+00 5.966997894558897508e-01
8.446208093317972398e+00 8.791928765818909364e-01
8.496333957373272128e+00 1.080425689144219659e+00
8.546459821428571857e+00 1.390011401376028966e+00
8.596585685483871586e+00 1.497511980976487411e+00
8.646711549539171315e+00 1.495269806134048807e+00
8.696837413594471045e+00 1.375461324021645115e+00
8.746963277649770774e+00 1.194478477522730175e+00
8.797089141705068727e+00 9.884013127046465952e-01
8.847215005760368456e+00 8.908654862136362595e-01
8.897340869815668185e+00 8.033658540682051541e-01
8.947466733870967914e+00 7.474770101179513127e-01
8.997592597926267644e+00 6.510278788398791150e-01
9.047718461981567373e+00 4.725529471116258762e-01
9.097844326036867102e+00 3.372857752704979672e-01
9.147970190092166831e+00 2.677772805373994092e-01
9.198096054147466560e+00 2.115974089567405070e-01
9.248221918202766290e+00 2.751766409688100601e-01
9.298347782258064242e+00 2.968332186643609649e-01
9.348473646313363972e+00 4.168519103272795845e-01
9.398599510368663701e+00 4.875311718506862846e-01
9.448725374423963430e+00 6.043674449379549118e-01
9.498851238479263159e+00 7.922535460469237734e-01
9.548977102534562889e+00 8.814376368628649150e-01
9.599102966589862618e+00 1.057033066811704503e+00
9.649228830645162347e+00 1.132132263428508478e+00
9.699354694700462076e+00 1.163043737782659237e+00
9.749480558755760029e+00 1.130042142227157598e+00
9.799606422811059758e+00 1.036382755732020211e+00
9.849732286866359487e+00 8.581103071157647477e-01
9.899858150921659217e+00 7.983483085595628470e-01
9.949984014976958946e+00 9.003379840742292695e-01
1.000010987903225868e+01 1.141709589648726819e+00
1.005023574308755840e+01 1.531920883032069414e+00
1.010036160714285813e+01 1.902077576690504257e+00
1.015048747119815786e+01 2.287951964681886885e+00
1.020061333525345759e+01 2.375007400371469402e+00
1.025073919930875554e+01 2.351836781150598465e+00
1.030086506336405527e+01 2.260572891185510969e+00
1.035099092741935500e+01 2.140582785592595627e+00
1.040111679147465473e+01 2.035524418958767789e+00
1.045124265552995446e+01 1.727220647909783358e+00
1.050136851958525419e+01 1.495079944253298931e+00
1.055149438364055392e+01 1.188550092307542716e+00
1.060162024769585365e+01 8.732569085026365974e-01
1.065174611175115338e+01 5.858998283234133631e-01
1.070187197580645133e+01 3.803909808370610213e-01
1.075199783986175106e+01 3.497797496776119952e-01
1.080212370391705079e+01 2.864596473704469903e-01
1.085224956797235052e+01 3.210242864773166227e-01
