label natoms total_hops total_time_ps D_A2_per_ps D_m2_per_s D_cm2_per_s
1000 K 1 Interstitial 513 1429 1999.9000 1.282009e-03 1.282009e-11 1.282009e-07
1000 K 1 Vacancy 511 1495 1999.9000 1.346469e-03 1.346469e-11 1.346469e-07
1000 K 10 Interstitial 522 4847 1999.9000 4.273451e-03 4.273451e-11 4.273451e-07
1000 K 10 Vacancy 502 2467 1999.9000 2.261735e-03 2.261735e-11 2.261735e-07
1000 K 5 Interstitial 517 3572 1999.9000 3.179780e-03 3.179780e-11 3.179780e-07
1000 K 5 Vacancy 507 2159 1999.9000 1.959841e-03 1.959841e-11 1.959841e-07
1100 K 1 Interstitial 513 3834 1999.9000 3.439624e-03 3.439624e-11 3.439624e-07
1100 K 1 Vacancy 511 3791 1999.9000 3.414358e-03 3.414358e-11 3.414358e-07
1100 K 10 Interstitial 522 10183 1999.9000 8.978038e-03 8.978038e-11 8.978038e-07
1100 K 10 Vacancy 502 5776 1999.9000 5.295411e-03 5.295411e-11 5.295411e-07
1100 K 5 Interstitial 517 7499 1999.9000 6.675580e-03 6.675580e-11 6.675580e-07
1100 K 5 Vacancy 507 4907 1999.9000 4.454350e-03 4.454350e-11 4.454350e-07
1200 K 1 Interstitial 513 8498 1999.9000 7.623871e-03 7.623871e-11 7.623871e-07
1200 K 1 Vacancy 511 8007 1999.9000 7.211492e-03 7.211492e-11 7.211492e-07
1200 K 10 Interstitial 522 19588 1999.9000 1.727014e-02 1.727014e-10 1.727014e-06
1200 K 10 Vacancy 502 12028 1999.9000 1.102722e-02 1.102722e-10 1.102722e-06
1200 K 5 Interstitial 517 14109 1999.9000 1.255978e-02 1.255978e-10 1.255978e-06
1200 K 5 Vacancy 507 10545 1999.9000 9.572267e-03 9.572267e-11 9.572267e-07
700 K 1 Interstitial 513 33 1999.9000 2.960553e-05 2.960553e-13 2.960553e-09
700 K 1 Vacancy 511 22 1999.9000 1.981427e-05 1.981427e-13 1.981427e-09
700 K 10 Interstitial 522 250 1999.9000 2.204173e-04 2.204173e-12 2.204173e-08
700 K 10 Vacancy 502 74 1999.9000 6.784287e-05 6.784287e-13 6.784287e-09
700 K 5 Interstitial 517 159 1999.9000 1.415412e-04 1.415412e-12 1.415412e-08
700 K 5 Vacancy 507 55 1999.9000 4.992648e-05 4.992648e-13 4.992648e-09
800 K 1 Interstitial 513 121 1999.9000 1.085536e-04 1.085536e-12 1.085536e-08
800 K 1 Vacancy 511 125 1999.9000 1.125811e-04 1.125811e-12 1.125811e-08
800 K 10 Interstitial 522 666 1999.9000 5.871917e-04 5.871917e-12 5.871917e-08
800 K 10 Vacancy 502 418 1999.9000 3.832205e-04 3.832205e-12 3.832205e-08
800 K 5 Interstitial 517 420 1999.9000 3.738823e-04 3.738823e-12 3.738823e-08
800 K 5 Vacancy 507 262 1999.9000 2.378316e-04 2.378316e-12 2.378316e-08
900 K 1 Interstitial 513 508 1999.9000 4.557457e-04 4.557457e-12 4.557457e-08
900 K 1 Vacancy 511 440 1999.9000 3.962853e-04 3.962853e-12 3.962853e-08
900 K 10 Interstitial 522 1840 1999.9000 1.622271e-03 1.622271e-11 1.622271e-07
900 K 10 Vacancy 502 1762 1999.9000 1.615394e-03 1.615394e-11 1.615394e-07
900 K 5 Interstitial 517 1328 1999.9000 1.182180e-03 1.182180e-11 1.182180e-07
900 K 5 Vacancy 507 789 1999.9000 7.162180e-04 7.162180e-12 7.162180e-08