# r(Å)   g(r)   (FINAL_STRUCTURE)
2.508340668202765217e-02 0.000000000000000000e+00
7.525022004608294957e-02 0.000000000000000000e+00
1.254170334101382678e-01 0.000000000000000000e+00
1.755838467741935582e-01 0.000000000000000000e+00
2.257506601382488765e-01 0.000000000000000000e+00
2.759174735023041669e-01 0.000000000000000000e+00
3.260842868663594851e-01 0.000000000000000000e+00
3.762511002304147478e-01 0.000000000000000000e+00
4.264179135944701216e-01 0.000000000000000000e+00
4.765847269585253843e-01 0.000000000000000000e+00
5.267515403225806470e-01 0.000000000000000000e+00
5.769183536866360207e-01 0.000000000000000000e+00
6.270851670506912834e-01 0.000000000000000000e+00
6.772519804147465461e-01 0.000000000000000000e+00
7.274187937788019198e-01 0.000000000000000000e+00
7.775856071428572935e-01 0.000000000000000000e+00
8.277524205069124452e-01 0.000000000000000000e+00
8.779192338709678189e-01 0.000000000000000000e+00
9.280860472350231927e-01 0.000000000000000000e+00
9.782528605990784554e-01 0.000000000000000000e+00
1.028419673963133718e+00 0.000000000000000000e+00
1.078586487327188870e+00 0.000000000000000000e+00
1.128753300691244466e+00 0.000000000000000000e+00
1.178920114055299617e+00 0.000000000000000000e+00
1.229086927419354769e+00 0.000000000000000000e+00
1.279253740783410365e+00 0.000000000000000000e+00
1.329420554147465516e+00 0.000000000000000000e+00
1.379587367511520890e+00 0.000000000000000000e+00
1.429754180875576264e+00 0.000000000000000000e+00
1.479920994239631415e+00 0.000000000000000000e+00
1.530087807603686789e+00 0.000000000000000000e+00
1.580254620967742163e+00 0.000000000000000000e+00
1.630421434331797315e+00 0.000000000000000000e+00
1.680588247695852688e+00 0.000000000000000000e+00
1.730755061059908062e+00 0.000000000000000000e+00
1.780921874423963214e+00 0.000000000000000000e+00
1.831088687788018587e+00 0.000000000000000000e+00
1.881255501152073961e+00 0.000000000000000000e+00
1.931422314516129113e+00 0.000000000000000000e+00
1.981589127880184709e+00 0.000000000000000000e+00
2.031755941244239860e+00 0.000000000000000000e+00
2.081922754608295012e+00 0.000000000000000000e+00
2.132089567972350608e+00 1.120819031216422346e-01
2.182256381336405759e+00 3.477115478778575186e-01
2.232423194700460911e+00 1.559067573387783900e+00
2.282590008064516063e+00 3.202612708304603650e+00
2.332756821428571659e+00 5.430486560033713772e+00
2.382923634792626810e+00 5.069657049108345248e+00
2.433090448156682406e+00 4.066645757406049277e+00
2.483257261520737558e+00 1.735112024668735042e+00
2.533424074884792709e+00 1.151077189744424523e+00
2.583590888248848305e+00 1.717464652867179697e-01
2.633757701612903457e+00 1.836291670746718549e-02
2.683924514976959053e+00 3.536577576663439693e-02
2.734091328341014204e+00 3.407989187611859538e-02
2.784258141705069356e+00 3.286288459128797884e-02
2.834424955069124508e+00 3.170992132276172909e-02
2.884591768433180103e+00 1.530829299869403311e-02
2.934758581797235255e+00 1.478941835531765586e-02
2.984925395161290851e+00 0.000000000000000000e+00
3.035092208525346003e+00 1.382778965978017673e-02
3.085259021889401154e+00 0.000000000000000000e+00
3.135425835253456306e+00 1.295698935523892370e-02
3.185592648617511902e+00 0.000000000000000000e+00
3.235759461981567053e+00 1.216592887220947251e-02
3.285926275345622649e+00 2.359458600793170463e-02
3.336093088709677801e+00 2.289032309550708202e-02
3.386259902073732952e+00 1.110856377599285516e-02
3.436426715437788104e+00 8.629279434768448442e-02
3.486593528801843700e+00 1.990902081862452044e-01
3.536760342165898852e+00 2.749486870672152583e-01
3.586927155529954447e+00 5.940260478087423524e-01
3.637093968894009599e+00 1.174763200392773488e+00
3.687260782258064751e+00 1.564618623337179715e+00
3.737427595622119902e+00 2.899889539654451731e+00
3.787594408986175498e+00 3.365211460048154635e+00
3.837761222350230650e+00 3.554562615618441779e+00
3.887928035714286246e+00 3.219047119875975138e+00
3.938094849078341397e+00 3.063635172216106817e+00
3.988261662442396549e+00 2.482533466523590526e+00
4.038428475806451701e+00 1.624573597903480104e+00
4.088595289170507741e+00 9.753549784974143710e-01
4.138762102534562004e+00 6.618357061859095891e-01
4.188928915898618044e+00 5.952633062500261030e-01
4.239095729262673196e+00 7.655590071162275967e-01
4.289262542626728347e+00 9.900844936541229879e-01
4.339429355990784387e+00 1.237905348620770729e+00
4.389596169354838651e+00 1.646083704351839039e+00
4.439762982718894690e+00 1.958054915562668530e+00
4.489929796082948954e+00 2.110421874114746466e+00
4.540096609447004994e+00 2.329770675258413526e+00
4.590263422811061034e+00 2.037308473608057113e+00
4.640430236175115297e+00 1.727303120892183630e+00
4.690597049539171337e+00 1.192650680609048219e+00
4.740763862903225601e+00 9.465034537130244674e-01
4.790930676267281640e+00 5.771597404488432170e-01
4.841097489631336792e+00 3.369819025575654381e-01
4.891264302995391944e+00 1.597282074273777552e-01
4.941431116359447984e+00 1.304179048459527535e-01
4.991597929723502247e+00 1.175848638040155186e-01
5.041764743087558287e+00 1.152565275021637803e-01
5.091931556451613439e+00 1.179095673503424563e-01
5.142098369815668590e+00 1.927002230452059539e-01
5.192265183179724630e+00 2.645923907715896917e-01
5.242431996543778894e+00 3.800592954070932117e-01
5.292598809907834934e+00 5.047638095953740356e-01
5.342765623271889197e+00 5.935026140355657009e-01
5.392932436635945237e+00 6.744877432612024215e-01
5.443099250000001277e+00 7.738973436511703552e-01
5.493266063364055540e+00 8.104819989651909085e-01
5.543432876728111580e+00 6.300709687045128460e-01
5.593599690092165844e+00 7.043148719186523854e-01
5.643766503456221884e+00 6.358616335008387965e-01
5.693933316820277035e+00 6.325643977255906991e-01
5.744100130184332187e+00 7.528254267508820430e-01
5.794266943548388227e+00 9.788731723231292037e-01
5.844433756912442490e+00 1.245562002526005685e+00
5.894600570276498530e+00 1.422416470763903318e+00
5.944767383640552794e+00 1.394906469587574138e+00
5.994934197004608833e+00 1.265328449305420433e+00
6.045101010368664873e+00 1.150299034086342820e+00
6.095267823732719137e+00 9.360111907185998392e-01
6.145434637096775177e+00 6.644541810357190714e-01
6.195601450460829440e+00 3.915787545944328651e-01
6.245768263824885480e+00 3.428638226419827850e-01
6.295935077188940632e+00 3.438487340624048483e-01
6.346101890552995783e+00 4.111813813199302614e-01
6.396268703917051823e+00 5.604324978106671740e-01
6.446435517281106087e+00 8.122894793249948453e-01
6.496602330645162127e+00 1.195162319743245938e+00
6.546769144009217278e+00 1.560305202156391235e+00
6.596935957373272430e+00 1.846924584272480407e+00
6.647102770737328470e+00 2.003661660304208780e+00
6.697269584101382733e+00 2.129953404726923516e+00
6.747436397465438773e+00 2.011665290572479670e+00
6.797603210829493037e+00 1.822192687241060760e+00
6.847770024193549077e+00 1.692365654547989040e+00
6.897936837557605116e+00 1.509889604105883576e+00
6.948103650921659380e+00 1.432754554224329846e+00
6.998270464285715420e+00 1.232825100844754829e+00
7.048437277649769683e+00 1.371742838957712429e+00
7.098604091013825723e+00 1.241195540025915589e+00
7.148770904377880875e+00 1.136597596215365158e+00
7.198937717741936027e+00 9.757944611563560411e-01
7.249104531105992066e+00 7.514458111900267356e-01
7.299271344470046330e+00 5.809676883647423296e-01
7.349438157834102370e+00 4.433577609107521300e-01
7.399604971198156633e+00 4.187551898409399009e-01
7.449771784562212673e+00 3.764113420146504851e-01
7.499938597926268713e+00 4.574469816604857519e-01
7.550105411290322976e+00 6.189827881321936509e-01
7.600272224654379016e+00 6.946357211325594472e-01
7.650439038018433280e+00 9.075450929773550834e-01
7.700605851382489320e+00 8.807222386599954378e-01
7.750772664746544471e+00 1.047470659221310996e+00
7.800939478110599623e+00 1.115676607014060906e+00
7.851106291474655663e+00 1.151061253827774022e+00
7.901273104838709926e+00 1.299721366960421953e+00
7.951439918202765966e+00 1.355902595366315300e+00
8.001606731566820230e+00 1.474242109855029792e+00
8.051773544930876270e+00 1.554169588630496035e+00
8.101940358294932309e+00 1.253601429219155516e+00
8.152107171658986573e+00 1.236303261513757024e+00
8.202273985023042613e+00 9.807680134618202983e-01
8.252440798387098653e+00 8.229869259035879070e-01
8.302607611751152916e+00 8.463335590458204161e-01
8.352774425115207180e+00 7.704705999159083829e-01
8.402941238479263220e+00 7.811427119723796109e-01
8.453108051843319259e+00 8.770763875340698013e-01
8.503274865207373523e+00 1.079924045546851952e+00
8.553441678571429563e+00 1.190911507100816502e+00
8.603608491935485603e+00 1.218364341986498012e+00
8.653775305299539866e+00 1.331851329273549434e+00
8.703942118663594130e+00 1.158490462943467803e+00
8.754108932027651946e+00 1.115331249668458646e+00
8.804275745391706209e+00 1.094440646715898913e+00
8.854442558755760473e+00 9.147264035548663408e-01
8.904609372119816513e+00 8.144857630190998066e-01
8.954776185483872553e+00 7.704377661524212106e-01
9.004942998847926816e+00 6.000766602150447993e-01
9.055109812211981080e+00 5.530544309802408742e-01
9.105276625576038896e+00 4.332795109397250544e-01
9.155443438940093159e+00 4.118279975464835263e-01
9.205610252304147423e+00 4.058485079599661871e-01
9.255777065668203463e+00 3.286032625429118337e-01
9.305943879032259503e+00 3.794934005244867126e-01
9.356110692396313766e+00 4.685657714912935257e-01
9.406277505760369806e+00 5.096512455975998890e-01
9.456444319124425846e+00 6.182148079425739962e-01
9.506611132488480109e+00 7.329212417234157728e-01
9.556777945852534373e+00 8.995849039125025648e-01
9.606944759216590413e+00 9.606033517076264516e-01
9.657111572580646452e+00 9.984546274924346321e-01
9.707278385944700716e+00 1.121988972828043218e+00
9.757445199308756756e+00 1.114495283552200844e+00
9.807612012672812796e+00 1.067367495074689643e+00
9.857778826036867059e+00 1.005408884733336450e+00
9.907945639400921323e+00 1.005634064954265883e+00
9.958112452764979139e+00 1.139397023622436000e+00
1.000827926612903340e+01 1.272977623406021053e+00
1.005844607949308767e+01 1.610327804967799148e+00
1.010861289285714371e+01 1.646740727984424835e+00
1.015877970622119975e+01 1.930452911414697104e+00
1.020894651958525401e+01 2.047191698733235032e+00
1.025911333294931005e+01 2.160350072799332999e+00
1.030928014631336609e+01 2.172934804481620130e+00
1.035944695967742035e+01 1.971524022762781048e+00
1.040961377304147462e+01 1.882034978707926021e+00
1.045978058640553066e+01 1.670753391770708252e+00
1.050994739976958670e+01 1.409210038553976974e+00
1.056011421313364096e+01 1.187959742905767557e+00
1.061028102649769700e+01 9.640319860537021057e-01
1.066044783986175304e+01 7.700367783074217876e-01
1.071061465322580730e+01 5.851772909086413454e-01
1.076078146658986157e+01 4.829281731895331831e-01
1.081094827995391938e+01 4.555692002655049033e-01
1.086111509331797365e+01 4.049375917937976799e-01
