# r(Å)   g(r)   (FINAL_STRUCTURE)
2.505507413594470004e-02 0.000000000000000000e+00
7.516522240783410358e-02 0.000000000000000000e+00
1.252753706797234967e-01 0.000000000000000000e+00
1.753855189516129176e-01 0.000000000000000000e+00
2.254956672235022830e-01 0.000000000000000000e+00
2.756058154953917039e-01 0.000000000000000000e+00
3.257159637672810693e-01 0.000000000000000000e+00
3.758261120391704901e-01 0.000000000000000000e+00
4.259362603110599110e-01 0.000000000000000000e+00
4.760464085829493319e-01 0.000000000000000000e+00
5.261565568548387528e-01 0.000000000000000000e+00
5.762667051267280627e-01 0.000000000000000000e+00
6.263768533986175946e-01 0.000000000000000000e+00
6.764870016705069045e-01 0.000000000000000000e+00
7.265971499423962143e-01 0.000000000000000000e+00
7.767072982142857462e-01 0.000000000000000000e+00
8.268174464861750561e-01 0.000000000000000000e+00
8.769275947580645880e-01 0.000000000000000000e+00
9.270377430299538979e-01 0.000000000000000000e+00
9.771478913018432078e-01 0.000000000000000000e+00
1.027258039573732740e+00 0.000000000000000000e+00
1.077368187845622050e+00 0.000000000000000000e+00
1.127478336117511581e+00 0.000000000000000000e+00
1.177588484389400891e+00 0.000000000000000000e+00
1.227698632661290201e+00 0.000000000000000000e+00
1.277808780933179733e+00 0.000000000000000000e+00
1.327918929205069265e+00 0.000000000000000000e+00
1.378029077476958353e+00 0.000000000000000000e+00
1.428139225748847885e+00 0.000000000000000000e+00
1.478249374020737417e+00 0.000000000000000000e+00
1.528359522292626727e+00 0.000000000000000000e+00
1.578469670564516036e+00 0.000000000000000000e+00
1.628579818836405568e+00 0.000000000000000000e+00
1.678689967108294878e+00 0.000000000000000000e+00
1.728800115380184188e+00 0.000000000000000000e+00
1.778910263652073720e+00 0.000000000000000000e+00
1.829020411923963252e+00 0.000000000000000000e+00
1.879130560195852340e+00 0.000000000000000000e+00
1.929240708467741872e+00 0.000000000000000000e+00
1.979350856739631404e+00 0.000000000000000000e+00
2.029461005011520491e+00 0.000000000000000000e+00
2.079571153283410467e+00 0.000000000000000000e+00
2.129681301555299555e+00 2.747587310363324917e-02
2.179791449827188643e+00 2.884990875170797553e-01
2.229901598099078619e+00 1.428518786714267019e+00
2.280011746370967707e+00 3.739673802991447804e+00
2.330121894642856795e+00 5.921700807451132142e+00
2.380232042914746771e+00 6.004941569384597777e+00
2.430342191186635858e+00 3.523441024545033162e+00
2.480452339458524946e+00 1.539351582436763621e+00
2.530562487730414922e+00 4.475899092951909353e-01
2.580672636002304010e+00 3.742409359019415599e-02
2.630782784274193542e+00 0.000000000000000000e+00
2.680892932546083074e+00 0.000000000000000000e+00
2.731003080817972162e+00 0.000000000000000000e+00
2.781113229089861694e+00 0.000000000000000000e+00
2.831223377361751226e+00 0.000000000000000000e+00
2.881333525633640313e+00 0.000000000000000000e+00
2.931443673905529845e+00 0.000000000000000000e+00
2.981553822177419377e+00 0.000000000000000000e+00
3.031663970449308465e+00 0.000000000000000000e+00
3.081774118721198441e+00 0.000000000000000000e+00
3.131884266993087529e+00 0.000000000000000000e+00
3.181994415264976617e+00 0.000000000000000000e+00
3.232104563536866593e+00 0.000000000000000000e+00
3.282214711808755681e+00 0.000000000000000000e+00
3.332324860080644768e+00 0.000000000000000000e+00
3.382435008352534744e+00 0.000000000000000000e+00
3.432545156624423832e+00 2.115390443256193881e-02
3.482655304896313364e+00 2.054954887151875381e-02
3.532765453168202896e+00 1.797365444486998531e-01
3.582875601440091984e+00 4.077364391106909070e-01
3.632985749711981516e+00 9.347633888331711161e-01
3.683095897983871048e+00 1.653638313244017111e+00
3.733206046255760135e+00 3.093901128857795335e+00
3.783316194527649667e+00 3.944094826379205720e+00
3.833426342799539199e+00 4.129992899798481609e+00
3.883536491071428287e+00 4.131521070774938131e+00
3.933646639343318263e+00 3.197383419180465758e+00
3.983756787615207351e+00 2.096624594961924881e+00
4.033866935887096439e+00 1.217724873176565525e+00
4.083977084158986415e+00 5.753332282250798180e-01
4.134087232430875503e+00 2.770893158943319445e-01
4.184197380702764590e+00 2.064283087492948532e-01
4.234307528974654566e+00 3.614383702967465806e-01
4.284417677246543654e+00 7.603792216972283802e-01
4.334527825518433630e+00 1.293441996167607355e+00
4.384637973790322718e+00 1.944687487682381422e+00
4.434748122062211806e+00 2.312869347884186855e+00
4.484858270334100894e+00 2.899643875458288278e+00
4.534968418605990870e+00 2.648068760910554431e+00
4.585078566877879958e+00 2.501585427364123593e+00
4.635188715149769934e+00 1.763336862751572864e+00
4.685298863421659021e+00 1.089991886945856248e+00
4.735409011693548109e+00 6.002131195419202481e-01
4.785519159965437197e+00 2.829710657551430808e-01
4.835629308237327173e+00 1.492275182646841114e-01
4.885739456509216261e+00 5.220791624832170352e-02
4.935849604781106237e+00 1.023064942100431959e-02
4.985959753052995325e+00 1.002604332167863696e-02
5.036069901324884412e+00 2.456878590617235167e-02
5.086180049596774388e+00 3.853929694854595772e-02
5.136290197868663476e+00 1.133729544835217762e-01
5.186400346140553452e+00 1.621561275850430250e-01
5.236510494412442540e+00 3.090454940845516196e-01
5.286620642684331628e+00 5.306255878974009965e-01
5.336730790956220716e+00 7.088625070817550222e-01
5.386840939228110692e+00 9.190584054514965295e-01
5.436951087499999780e+00 9.991603549173353471e-01
5.487061235771889756e+00 8.899315452710828689e-01
5.537171384043778843e+00 6.666006399270709704e-01
5.587281532315667931e+00 5.309436038920620771e-01
5.637391680587557019e+00 4.666469753083249961e-01
5.687501828859446995e+00 5.162495239141687842e-01
5.737611977131336083e+00 7.192655591322828501e-01
5.787722125403226059e+00 9.896106341351774693e-01
5.837832273675115147e+00 1.437101462411162212e+00
5.887942421947004235e+00 1.470260709977854408e+00
5.938052570218893322e+00 1.791917783576638445e+00
5.988162718490783298e+00 1.487492628958142715e+00
6.038272866762673274e+00 1.250990170647657163e+00
6.088383015034562362e+00 7.093765797988615951e-01
6.138493163306451450e+00 3.638040204878998374e-01
6.188603311578340538e+00 1.659523039923487819e-01
6.238713459850230514e+00 8.324951431288155068e-02
6.288823608122119602e+00 9.768352938152080611e-02
6.338933756394009578e+00 1.674788019002149686e-01
6.389043904665898665e+00 3.633069984105093964e-01
6.439154052937787753e+00 7.423998994307563493e-01
6.489264201209676841e+00 1.151217292830588379e+00
6.539374349481566817e+00 1.789347211799217074e+00
6.589484497753455905e+00 2.261632399766512425e+00
6.639594646025345881e+00 2.544240078864766996e+00
6.689704794297234969e+00 2.475634903658229025e+00
6.739814942569124057e+00 2.334707019451437215e+00
6.789925090841013144e+00 1.805698757118707976e+00
6.840035239112903120e+00 1.419741777444188502e+00
6.890145387384793096e+00 1.215410765165026774e+00
6.940255535656682184e+00 1.260018512550831415e+00
6.990365683928571272e+00 1.328730324208478253e+00
7.040475832200460360e+00 1.543701362659043452e+00
7.090585980472350336e+00 1.512044406623255677e+00
7.140696128744239424e+00 1.368692584500893261e+00
7.190806277016129400e+00 8.556027891245585604e-01
7.240916425288018488e+00 6.488952839699988484e-01
7.291026573559907575e+00 3.610292780413260072e-01
7.341136721831796663e+00 2.173703557669587061e-01
7.391246870103686639e+00 1.619653235188187601e-01
7.441357018375575727e+00 2.430628608559566306e-01
7.491467166647465703e+00 3.708359802271984362e-01
7.541577314919354791e+00 5.017764595639054859e-01
7.591687463191243879e+00 7.308685194798344442e-01
7.641797611463132966e+00 8.984424231786958259e-01
7.691907759735022942e+00 1.084771662675220627e+00
7.742017908006912030e+00 1.118595815105791980e+00
7.792128056278802006e+00 1.069362223537213774e+00
7.842238204550691094e+00 1.082082799925777161e+00
7.892348352822580182e+00 1.244449299894123895e+00
7.942458501094470158e+00 1.469813933463579803e+00
7.992568649366359246e+00 1.708955314544664095e+00
8.042678797638249222e+00 1.732038780002602030e+00
8.092788945910136533e+00 1.644056353408831939e+00
8.142899094182027397e+00 1.338200816978150742e+00
8.193009242453918262e+00 9.598493463872753706e-01
8.243119390725805573e+00 5.740643714306060685e-01
8.293229538997696437e+00 4.693013945830593059e-01
8.343339687269583749e+00 3.974409310109381921e-01
8.393449835541474613e+00 5.713747020945069144e-01
8.443559983813365477e+00 8.512894953069798376e-01
8.493670132085252789e+00 1.219588819970804927e+00
8.543780280357143653e+00 1.413610373194097436e+00
8.593890428629030964e+00 1.478168779099067853e+00
8.644000576900921828e+00 1.569493807749856584e+00
8.694110725172810916e+00 1.406365709915529560e+00
8.744220873444700004e+00 1.124621644870076542e+00
8.794331021716590868e+00 1.036107827102979995e+00
8.844441169988478180e+00 9.447426251079416026e-01
8.894551318260369044e+00 7.986555133754512648e-01
8.944661466532256355e+00 7.585789421339990124e-01
8.994771614804147220e+00 6.269223868351592177e-01
9.044881763076038084e+00 4.143456453976961940e-01
9.094991911347925395e+00 3.193970508656612806e-01
9.145102059619816259e+00 2.384199303012863036e-01
9.195212207891703571e+00 1.945584588535973769e-01
9.245322356163594435e+00 2.318209698242737482e-01
9.295432504435485299e+00 3.274058053407380431e-01
9.345542652707372611e+00 3.895411414143621354e-01
9.395652800979263475e+00 4.997457238373410604e-01
9.445762949251150786e+00 5.936283051882362827e-01
9.495873097523041650e+00 7.573742235663493139e-01
9.545983245794930738e+00 8.615867081188542942e-01
9.596093394066819826e+00 9.933605639116104280e-01
9.646203542338710690e+00 1.225485135774889933e+00
9.696313690610598002e+00 1.247314917375356380e+00
9.746423838882488866e+00 1.209595468833646326e+00
9.796533987154376177e+00 1.006367563253030450e+00
9.846644135426267042e+00 8.123448467441723997e-01
9.896754283698157906e+00 7.736024736149027525e-01
9.946864431970045217e+00 8.313260567484866970e-01
9.996974580241936081e+00 1.082386617453581223e+00
1.004708472851382339e+01 1.543226801069105480e+00
1.009719487678571426e+01 1.972885751612085459e+00
1.014730502505760512e+01 2.286285270913301471e+00
1.019741517332949243e+01 2.417272411239037577e+00
1.024752532160138330e+01 2.443533259911405242e+00
1.029763546987327061e+01 2.311688160466586872e+00
1.034774561814516147e+01 2.091493477986792637e+00
1.039785576641705056e+01 2.031038985253452278e+00
1.044796591468893965e+01 1.769571622873632677e+00
1.049807606296083051e+01 1.578577605263346451e+00
1.054818621123271782e+01 1.177191444601841885e+00
1.059829635950460869e+01 8.110455069101286663e-01
1.064840650777649600e+01 5.418482153101724652e-01
1.069851665604838686e+01 3.876170245789360980e-01
1.074862680432027773e+01 2.912445335766522536e-01
1.079873695259216504e+01 2.906852357276797361e-01
1.084884710086405590e+01 3.060065111952494643e-01
