# r(Å)   g(r)   (FINAL_STRUCTURE)
2.505507413594470004e-02 0.000000000000000000e+00
7.516522240783410358e-02 0.000000000000000000e+00
1.252753706797234967e-01 0.000000000000000000e+00
1.753855189516129176e-01 0.000000000000000000e+00
2.254956672235022830e-01 0.000000000000000000e+00
2.756058154953917039e-01 0.000000000000000000e+00
3.257159637672810693e-01 0.000000000000000000e+00
3.758261120391704901e-01 0.000000000000000000e+00
4.259362603110599110e-01 0.000000000000000000e+00
4.760464085829493319e-01 0.000000000000000000e+00
5.261565568548387528e-01 0.000000000000000000e+00
5.762667051267280627e-01 0.000000000000000000e+00
6.263768533986175946e-01 0.000000000000000000e+00
6.764870016705069045e-01 0.000000000000000000e+00
7.265971499423962143e-01 0.000000000000000000e+00
7.767072982142857462e-01 0.000000000000000000e+00
8.268174464861750561e-01 0.000000000000000000e+00
8.769275947580645880e-01 0.000000000000000000e+00
9.270377430299538979e-01 0.000000000000000000e+00
9.771478913018432078e-01 0.000000000000000000e+00
1.027258039573732740e+00 0.000000000000000000e+00
1.077368187845622050e+00 0.000000000000000000e+00
1.127478336117511581e+00 0.000000000000000000e+00
1.177588484389400891e+00 0.000000000000000000e+00
1.227698632661290201e+00 0.000000000000000000e+00
1.277808780933179733e+00 0.000000000000000000e+00
1.327918929205069265e+00 0.000000000000000000e+00
1.378029077476958353e+00 0.000000000000000000e+00
1.428139225748847885e+00 0.000000000000000000e+00
1.478249374020737417e+00 0.000000000000000000e+00
1.528359522292626727e+00 0.000000000000000000e+00
1.578469670564516036e+00 0.000000000000000000e+00
1.628579818836405568e+00 0.000000000000000000e+00
1.678689967108294878e+00 0.000000000000000000e+00
1.728800115380184188e+00 0.000000000000000000e+00
1.778910263652073720e+00 0.000000000000000000e+00
1.829020411923963252e+00 0.000000000000000000e+00
1.879130560195852340e+00 0.000000000000000000e+00
1.929240708467741872e+00 0.000000000000000000e+00
1.979350856739631404e+00 0.000000000000000000e+00
2.029461005011520491e+00 0.000000000000000000e+00
2.079571153283410467e+00 0.000000000000000000e+00
2.129681301555299555e+00 2.747587310363324917e-02
2.179791449827188643e+00 2.360447079685198124e-01
2.229901598099078619e+00 1.553827452215518434e+00
2.280011746370967707e+00 3.739673802991447804e+00
2.330121894642856795e+00 6.128271765850589858e+00
2.380232042914746771e+00 5.696995847877695418e+00
2.430342191186635858e+00 3.460145676798715098e+00
2.480452339458524946e+00 1.660879338944929007e+00
2.530562487730414922e+00 3.697481859395055359e-01
2.580672636002304010e+00 9.356023397548539344e-02
2.630782784274193542e+00 0.000000000000000000e+00
2.680892932546083074e+00 0.000000000000000000e+00
2.731003080817972162e+00 0.000000000000000000e+00
2.781113229089861694e+00 0.000000000000000000e+00
2.831223377361751226e+00 0.000000000000000000e+00
2.881333525633640313e+00 0.000000000000000000e+00
2.931443673905529845e+00 0.000000000000000000e+00
2.981553822177419377e+00 0.000000000000000000e+00
3.031663970449308465e+00 0.000000000000000000e+00
3.081774118721198441e+00 0.000000000000000000e+00
3.131884266993087529e+00 0.000000000000000000e+00
3.181994415264976617e+00 0.000000000000000000e+00
3.232104563536866593e+00 0.000000000000000000e+00
3.282214711808755681e+00 0.000000000000000000e+00
3.332324860080644768e+00 0.000000000000000000e+00
3.382435008352534744e+00 0.000000000000000000e+00
3.432545156624423832e+00 0.000000000000000000e+00
3.482655304896313364e+00 2.054954887151875381e-02
3.532765453168202896e+00 1.797365444486998531e-01
3.582875601440091984e+00 4.562764913857731974e-01
3.632985749711981516e+00 9.819736609964625496e-01
3.683095897983871048e+00 1.727133349388195738e+00
3.733206046255760135e+00 2.995540110310292992e+00
3.783316194527649667e+00 3.743842771176729478e+00
3.833426342799539199e+00 4.299602464471931285e+00
3.883536491071428287e+00 4.090205860067188226e+00
3.933646639343318263e+00 3.132952519045846707e+00
3.983756787615207351e+00 2.159444807545053635e+00
4.033866935887096439e+00 1.278994049185449455e+00
4.083977084158986415e+00 6.500518292932719877e-01
4.134087232430875503e+00 2.333383712794374343e-01
4.184197380702764590e+00 2.562558315508488005e-01
4.234307528974654566e+00 3.753398460773906820e-01
4.284417677246543654e+00 8.146920232470303835e-01
4.334527825518433630e+00 1.207212529756433561e+00
4.384637973790322718e+00 1.730771864037319530e+00
4.434748122062211806e+00 2.591680995300363222e+00
4.484858270334100894e+00 2.757140009784056378e+00
4.534968418605990870e+00 2.563233606098774597e+00
4.585078566877879958e+00 2.466017862046150366e+00
4.635188715149769934e+00 1.635726958210340420e+00
4.685298863421659021e+00 1.373843940838006317e+00
4.735409011693548109e+00 6.391158217344521386e-01
4.785519159965437197e+00 2.557623094325331414e-01
4.835629308237327173e+00 1.172501929222518058e-01
4.885739456509216261e+00 2.610395812416085176e-02
4.935849604781106237e+00 5.115324710502159797e-03
4.985959753052995325e+00 5.013021660839318480e-03
5.036069901324884412e+00 2.456878590617235167e-02
5.086180049596774388e+00 4.335670906711420330e-02
5.136290197868663476e+00 1.039252082765616259e-01
5.186400346140553452e+00 1.899543208853361198e-01
5.236510494412442540e+00 2.817767740182676173e-01
5.286620642684331628e+00 5.975111662037960736e-01
5.336730790956220716e+00 7.657465354278217839e-01
5.386840939228110692e+00 7.687451148402705270e-01
5.436951087499999780e+00 1.032887286728890963e+00
5.487061235771889756e+00 7.657550505820945874e-01
5.537171384043778843e+00 7.804105052804732878e-01
5.587281532315667931e+00 5.548959469247866094e-01
5.637391680587557019e+00 4.313543469236617578e-01
5.687501828859446995e+00 5.701860413380370751e-01
5.737611977131336083e+00 6.624814360428920024e-01
5.787722125403226059e+00 9.524072268368625194e-01
5.837832273675115147e+00 1.367623274661004196e+00
5.887942421947004235e+00 1.775816114251980604e+00
5.938052570218893322e+00 1.625803117249021046e+00
5.988162718490783298e+00 1.459689028416869094e+00
6.038272866762673274e+00 1.182630052033031065e+00
6.088383015034562362e+00 7.564442201646628394e-01
6.138493163306451450e+00 3.902624947052016902e-01
6.188603311578340538e+00 1.952380046968809346e-01
6.238713459850230514e+00 1.152685582793744612e-01
6.288823608122119602e+00 1.008346109744730767e-01
6.338933756394009578e+00 1.829860983724570789e-01
6.389043904665898665e+00 4.426849980632257542e-01
6.439154052937787753e+00 6.913035500772224395e-01
6.489264201209676841e+00 1.186730422686544939e+00
6.539374349481566817e+00 1.634892159314919935e+00
6.589484497753455905e+00 2.241541756621378223e+00
6.639594646025345881e+00 2.541413145443806254e+00
6.689704794297234969e+00 2.500697574223947672e+00
6.739814942569124057e+00 2.211250126530973414e+00
6.789925090841013144e+00 1.857058452306216134e+00
6.840035239112903120e+00 1.504979557703501891e+00
6.890145387384793096e+00 1.260037078356831097e+00
6.940255535656682184e+00 1.260018512550831415e+00
6.990365683928571272e+00 1.428193822565734905e+00
7.040475832200460360e+00 1.428049469039636366e+00
7.090585980472350336e+00 1.474862986788257446e+00
7.140696128744239424e+00 1.292925673573165346e+00
7.190806277016129400e+00 9.303173988790974791e-01
7.240916425288018488e+00 6.013571679282406768e-01
7.291026573559907575e+00 3.915057755383210547e-01
7.341136721831796663e+00 2.705567194120656049e-01
7.391246870103686639e+00 1.710901304776254461e-01
7.441357018375575727e+00 2.183064583613684717e-01
7.491467166647465703e+00 3.464096581763050908e-01
7.541577314919354791e+00 5.236880953527223159e-01
7.591687463191243879e+00 7.806021761308290507e-01
7.641797611463132966e+00 9.197830983135816263e-01
7.691907759735022942e+00 1.074239898959927331e+00
7.742017908006912030e+00 1.077012327555390891e+00
7.792128056278802006e+00 1.036521924925706273e+00
7.842238204550691094e+00 1.144900340745438339e+00
7.892348352822580182e+00 1.262455801017993817e+00
7.942458501094470158e+00 1.455985038928303998e+00
7.992568649366359246e+00 1.625068238602403126e+00
8.042678797638249222e+00 1.714699125920262412e+00
8.092788945910136533e+00 1.592679592364805830e+00
8.142899094182027397e+00 1.360754763331715189e+00
8.193009242453918262e+00 9.802716729061535794e-01
8.243119390725805573e+00 6.565975877704695041e-01
8.293229538997696437e+00 4.276259811644864683e-01
8.343339687269583749e+00 4.690519095714675846e-01
8.393449835541474613e+00 5.784505497984636646e-01
8.443559983813365477e+00 9.159665206177771690e-01
8.493670132085252789e+00 1.110758656149047452e+00
8.543780280357143653e+00 1.463120881433987330e+00
8.593890428629030964e+00 1.486605815509450590e+00
8.644000576900921828e+00 1.464416113926008789e+00
8.694110725172810916e+00 1.363498759789147696e+00
8.744220873444700004e+00 1.153959600823209142e+00
8.794331021716590868e+00 1.036107827102979995e+00
8.844441169988478180e+00 9.272178883858718246e-01
8.894551318260369044e+00 8.364616915234015515e-01
8.944661466532256355e+00 7.243104888959128740e-01
8.994771614804147220e+00 6.145995880767285424e-01
9.044881763076038084e+00 4.737554989657482007e-01
9.094991911347925395e+00 3.359695393539738895e-01
9.145102059619816259e+00 2.264989337862219898e-01
9.195212207891703571e+00 2.373023626926452911e-01
9.245322356163594435e+00 2.332789633451811395e-01
9.295432504435485299e+00 2.855786319712164123e-01
9.345542652707372611e+00 3.923949226701449744e-01
9.395652800979263475e+00 5.350385009444978968e-01
9.445762949251150786e+00 6.243572998097449700e-01
9.495873097523041650e+00 7.145300612843112908e-01
9.545983245794930738e+00 8.766302855621994627e-01
9.596093394066819826e+00 1.017720904715982311e+00
9.646203542338710690e+00 1.158518734912874049e+00
9.696313690610598002e+00 1.280452933246115199e+00
9.746423838882488866e+00 1.134815705576034839e+00
9.796533987154376177e+00 9.492318564360842092e-01
9.846644135426267042e+00 8.663297890910952592e-01
9.896754283698157906e+00 8.435829605373035278e-01
9.946864431970045217e+00 9.031223980131286577e-01
9.996974580241936081e+00 1.192121666227677013e+00
1.004708472851382339e+01 1.488905217671472991e+00
1.009719487678571426e+01 1.849427597391007039e+00
1.014730502505760512e+01 2.201563212171146144e+00
1.019741517332949243e+01 2.420867759396557517e+00
1.024752532160138330e+01 2.425731900562852150e+00
1.029763546987327061e+01 2.330491927913188821e+00
1.034774561814516147e+01 2.171801240914498887e+00
1.039785576641705056e+01 1.960724922767379308e+00
1.044796591468893965e+01 1.782129873100477768e+00
1.049807606296083051e+01 1.509599644001839325e+00
1.054818621123271782e+01 1.141349269314250181e+00
1.059829635950460869e+01 8.809440936889769702e-01
1.064840650777649600e+01 5.616317201287993610e-01
1.069851665604838686e+01 4.072156381812418457e-01
1.074862680432027773e+01 3.343918718843044147e-01
1.079873695259216504e+01 2.885478442885056061e-01
1.084884710086405590e+01 3.229480481472356002e-01
