# r(Å)   g(r)   (FINAL_STRUCTURE)
2.505507413594470004e-02 0.000000000000000000e+00
7.516522240783410358e-02 0.000000000000000000e+00
1.252753706797234967e-01 0.000000000000000000e+00
1.753855189516129176e-01 0.000000000000000000e+00
2.254956672235022830e-01 0.000000000000000000e+00
2.756058154953917039e-01 0.000000000000000000e+00
3.257159637672810693e-01 0.000000000000000000e+00
3.758261120391704901e-01 0.000000000000000000e+00
4.259362603110599110e-01 0.000000000000000000e+00
4.760464085829493319e-01 0.000000000000000000e+00
5.261565568548387528e-01 0.000000000000000000e+00
5.762667051267280627e-01 0.000000000000000000e+00
6.263768533986175946e-01 0.000000000000000000e+00
6.764870016705069045e-01 0.000000000000000000e+00
7.265971499423962143e-01 0.000000000000000000e+00
7.767072982142857462e-01 0.000000000000000000e+00
8.268174464861750561e-01 0.000000000000000000e+00
8.769275947580645880e-01 0.000000000000000000e+00
9.270377430299538979e-01 0.000000000000000000e+00
9.771478913018432078e-01 0.000000000000000000e+00
1.027258039573732740e+00 0.000000000000000000e+00
1.077368187845622050e+00 0.000000000000000000e+00
1.127478336117511581e+00 0.000000000000000000e+00
1.177588484389400891e+00 0.000000000000000000e+00
1.227698632661290201e+00 0.000000000000000000e+00
1.277808780933179733e+00 0.000000000000000000e+00
1.327918929205069265e+00 0.000000000000000000e+00
1.378029077476958353e+00 0.000000000000000000e+00
1.428139225748847885e+00 0.000000000000000000e+00
1.478249374020737417e+00 0.000000000000000000e+00
1.528359522292626727e+00 0.000000000000000000e+00
1.578469670564516036e+00 0.000000000000000000e+00
1.628579818836405568e+00 0.000000000000000000e+00
1.678689967108294878e+00 0.000000000000000000e+00
1.728800115380184188e+00 0.000000000000000000e+00
1.778910263652073720e+00 0.000000000000000000e+00
1.829020411923963252e+00 0.000000000000000000e+00
1.879130560195852340e+00 0.000000000000000000e+00
1.929240708467741872e+00 0.000000000000000000e+00
1.979350856739631404e+00 0.000000000000000000e+00
2.029461005011520491e+00 0.000000000000000000e+00
2.079571153283410467e+00 0.000000000000000000e+00
2.129681301555299555e+00 0.000000000000000000e+00
2.179791449827188643e+00 3.934078466141996966e-01
2.229901598099078619e+00 1.453580519814517302e+00
2.280011746370967707e+00 4.123230090477750132e+00
2.330121894642856795e+00 5.600368205496419449e+00
2.380232042914746771e+00 5.455038495265129406e+00
2.430342191186635858e+00 3.924311560271713795e+00
2.480452339458524946e+00 1.579860834606152009e+00
2.530562487730414922e+00 3.308273242616628362e-01
2.580672636002304010e+00 1.122722807705824749e-01
2.630782784274193542e+00 0.000000000000000000e+00
2.680892932546083074e+00 0.000000000000000000e+00
2.731003080817972162e+00 0.000000000000000000e+00
2.781113229089861694e+00 0.000000000000000000e+00
2.831223377361751226e+00 0.000000000000000000e+00
2.881333525633640313e+00 0.000000000000000000e+00
2.931443673905529845e+00 0.000000000000000000e+00
2.981553822177419377e+00 0.000000000000000000e+00
3.031663970449308465e+00 0.000000000000000000e+00
3.081774118721198441e+00 0.000000000000000000e+00
3.131884266993087529e+00 0.000000000000000000e+00
3.181994415264976617e+00 0.000000000000000000e+00
3.232104563536866593e+00 0.000000000000000000e+00
3.282214711808755681e+00 0.000000000000000000e+00
3.332324860080644768e+00 0.000000000000000000e+00
3.382435008352534744e+00 1.089265903493945482e-02
3.432545156624423832e+00 2.115390443256193881e-02
3.482655304896313364e+00 3.082432330727813072e-02
3.532765453168202896e+00 1.198243629657999160e-01
3.582875601440091984e+00 5.048165436608554879e-01
3.632985749711981516e+00 9.442054432658293361e-01
3.683095897983871048e+00 1.965992216856776054e+00
3.733206046255760135e+00 2.709398965444832275e+00
3.783316194527649667e+00 3.595830382548812043e+00
3.833426342799539199e+00 4.342004855640293037e+00
3.883536491071428287e+00 4.288518871464385818e+00
3.933646639343318263e+00 3.221545006730947680e+00
3.983756787615207351e+00 2.057361962097469466e+00
4.033866935887096439e+00 1.240700814179896971e+00
4.083977084158986415e+00 5.529176479046221671e-01
4.134087232430875503e+00 3.354239087141913100e-01
4.184197380702764590e+00 2.064283087492948532e-01
4.234307528974654566e+00 3.961920597483568063e-01
4.284417677246543654e+00 8.079029230533051331e-01
4.334527825518433630e+00 1.306708067923172401e+00
4.384637973790322718e+00 1.860417696549478306e+00
4.434748122062211806e+00 2.547324596847789557e+00
4.484858270334100894e+00 2.676594346576881556e+00
4.534968418605990870e+00 2.532935336523139291e+00
4.585078566877879958e+00 2.471945789599145904e+00
4.635188715149769934e+00 1.595123806765402996e+00
4.685298863421659021e+00 1.175147503113501246e+00
4.735409011693548109e+00 6.724609950423365845e-01
4.785519159965437197e+00 3.700390859874947980e-01
4.835629308237327173e+00 1.545570724884228475e-01
4.885739456509216261e+00 4.698712462348952901e-02
4.935849604781106237e+00 1.534597413150647939e-02
4.985959753052995325e+00 0.000000000000000000e+00
5.036069901324884412e+00 9.827514362468941014e-03
5.086180049596774388e+00 6.744376965995542428e-02
5.136290197868663476e+00 8.502971586264133907e-02
5.186400346140553452e+00 1.899543208853361198e-01
5.236510494412442540e+00 3.590381475394055499e-01
5.286620642684331628e+00 5.172484722361219145e-01
5.336730790956220716e+00 7.832493133804576679e-01
5.386840939228110692e+00 8.374597619768310297e-01
5.436951087499999780e+00 8.853319600533351430e-01
5.487061235771889756e+00 8.526785968643864067e-01
5.537171384043778843e+00 7.275702106521079182e-01
5.587281532315667931e+00 5.828403471296319527e-01
5.637391680587557019e+00 4.588041690006220419e-01
5.687501828859446995e+00 5.740386497254562626e-01
5.737611977131336083e+00 6.435533950130951641e-01
5.787722125403226059e+00 9.114834788087160522e-01
5.837832273675115147e+00 1.437101462411162212e+00
5.887942421947004235e+00 1.653593952542330214e+00
5.938052570218893322e+00 1.664681017878888891e+00
5.988162718490783298e+00 1.650838782138125627e+00
6.038272866762673274e+00 1.035655797011585166e+00
6.088383015034562362e+00 7.329103999817622173e-01
6.138493163306451450e+00 3.968771132595271256e-01
6.188603311578340538e+00 1.984919714418289516e-01
6.238713459850230514e+00 1.376818890559194930e-01
6.288823608122119602e+00 8.823028460266395256e-02
6.338933756394009578e+00 2.171021506113897659e-01
6.389043904665898665e+00 4.243669981433681460e-01
6.439154052937787753e+00 7.484112346488190903e-01
6.489264201209676841e+00 1.174892712734559419e+00
6.539374349481566817e+00 1.733976532606733123e+00
6.589484497753455905e+00 2.195620286575357571e+00
6.639594646025345881e+00 2.484874477024589190e+00
6.689704794297234969e+00 2.372599480221384560e+00
6.739814942569124057e+00 2.208506640021629774e+00
6.789925090841013144e+00 1.951668417125310251e+00
6.840035239112903120e+00 1.473015390106259481e+00
6.890145387384793096e+00 1.333539241260979669e+00
6.940255535656682184e+00 1.327288494740403557e+00
6.990365683928571272e+00 1.290475132532610480e+00
7.040475832200460360e+00 1.345081806225713716e+00
7.090585980472350336e+00 1.457511657531925131e+00
7.140696128744239424e+00 1.339363457690159853e+00
7.190806277016129400e+00 9.929812651248398625e-01
7.240916425288018488e+00 5.966033563240648041e-01
7.291026573559907575e+00 4.196379270740088208e-01
7.341136721831796663e+00 2.381824111063483573e-01
7.391246870103686639e+00 1.847773409158354752e-01
7.441357018375575727e+00 2.385616967660315058e-01
7.491467166647465703e+00 3.353067845168081762e-01
7.541577314919354791e+00 5.828495119825277682e-01
7.591687463191243879e+00 7.546541813563970580e-01
7.641797611463132966e+00 9.560622460428876979e-01
7.691907759735022942e+00 9.583904980916998495e-01
7.742017908006912030e+00 1.062458106912750555e+00
7.792128056278802006e+00 1.104255040811940480e+00
7.842238204550691094e+00 1.175295925013016385e+00
7.892348352822580182e+00 1.234445688158640531e+00
7.942458501094470158e+00 1.580445089745784681e+00
7.992568649366359246e+00 1.593854442902957302e+00
8.042678797638249222e+00 1.710845869457520152e+00
8.092788945910136533e+00 1.465189111255556176e+00
8.142899094182027397e+00 1.208515625445155894e+00
8.193009242453918262e+00 1.028542626496229406e+00
8.243119390725805573e+00 6.932790172548533025e-01
8.293229538997696437e+00 5.435923489379065332e-01
8.343339687269583749e+00 4.654713606434411344e-01
8.393449835541474613e+00 6.155987502442364923e-01
8.443559983813365477e+00 9.719034073730612455e-01
8.493670132085252789e+00 1.105576267395630419e+00
8.543780280357143653e+00 1.261664330664780342e+00
8.593890428629030964e+00 1.522041368433058262e+00
8.644000576900921828e+00 1.526128410298744909e+00
8.694110725172810916e+00 1.281062317238413240e+00
8.744220873444700004e+00 1.173518238125297319e+00
8.794331021716590868e+00 1.097339704909998881e+00
8.844441169988478180e+00 8.555257836137684091e-01
8.894551318260369044e+00 9.183750775106273023e-01
8.944661466532256355e+00 6.915996926231942066e-01
8.994771614804147220e+00 6.315434363695707765e-01
9.044881763076038084e+00 4.676621806510762314e-01
9.094991911347925395e+00 3.450090785294171458e-01
9.145102059619816259e+00 2.339495566081371825e-01
9.195212207891703571e+00 2.269848686625302592e-01
9.245322356163594435e+00 2.347369568660885031e-01
9.295432504435485299e+00 3.014441115251728642e-01
9.345542652707372611e+00 4.109445008327336502e-01
9.395652800979263475e+00 5.293916566073528784e-01
9.445762949251150786e+00 6.467056595344785608e-01
9.495873097523041650e+00 7.020914335250099114e-01
9.545983245794930738e+00 8.684246978658293203e-01
9.596093394066819826e+00 1.052908063655630722e+00
9.646203542338710690e+00 1.126374862499106344e+00
9.696313690610598002e+00 1.207549298330446108e+00
9.746423838882488866e+00 1.112512969165869947e+00
9.796533987154376177e+00 1.011561718418207301e+00
9.846644135426267042e+00 8.650444333209305059e-01
9.896754283698157906e+00 8.079565308313541028e-01
9.946864431970045217e+00 9.295736816369442046e-01
9.996974580241936081e+00 1.175910806749685733e+00
1.004708472851382339e+01 1.556807196918513547e+00
1.009719487678571426e+01 1.925213791071272995e+00
1.014730502505760512e+01 2.195511636546706669e+00
1.019741517332949243e+01 2.338174751773605564e+00
1.024752532160138330e+01 2.392502696445552690e+00
1.029763546987327061e+01 2.329316692447775949e+00
1.034774561814516147e+01 2.161326315315232893e+00
1.039785576641705056e+01 1.989542161491179684e+00
1.044796591468893965e+01 1.738746826862285655e+00
1.049807606296083051e+01 1.491507063998821048e+00
1.054818621123271782e+01 1.185031920446002696e+00
1.059829635950460869e+01 8.310165317040854038e-01
1.064840650777649600e+01 6.077932313722623769e-01
1.069851665604838686e+01 4.148373212488051798e-01
1.074862680432027773e+01 3.354705553419957131e-01
1.079873695259216504e+01 3.099217586802467950e-01
1.084884710086405590e+01 2.985945887787555542e-01
