# r(Å)   g(r)   (FINAL_STRUCTURE)
2.508340668202765217e-02 0.000000000000000000e+00
7.525022004608294957e-02 0.000000000000000000e+00
1.254170334101382678e-01 0.000000000000000000e+00
1.755838467741935582e-01 0.000000000000000000e+00
2.257506601382488765e-01 0.000000000000000000e+00
2.759174735023041669e-01 0.000000000000000000e+00
3.260842868663594851e-01 0.000000000000000000e+00
3.762511002304147478e-01 0.000000000000000000e+00
4.264179135944701216e-01 0.000000000000000000e+00
4.765847269585253843e-01 0.000000000000000000e+00
5.267515403225806470e-01 0.000000000000000000e+00
5.769183536866360207e-01 0.000000000000000000e+00
6.270851670506912834e-01 0.000000000000000000e+00
6.772519804147465461e-01 0.000000000000000000e+00
7.274187937788019198e-01 0.000000000000000000e+00
7.775856071428572935e-01 0.000000000000000000e+00
8.277524205069124452e-01 0.000000000000000000e+00
8.779192338709678189e-01 0.000000000000000000e+00
9.280860472350231927e-01 0.000000000000000000e+00
9.782528605990784554e-01 0.000000000000000000e+00
1.028419673963133718e+00 0.000000000000000000e+00
1.078586487327188870e+00 0.000000000000000000e+00
1.128753300691244466e+00 0.000000000000000000e+00
1.178920114055299617e+00 0.000000000000000000e+00
1.229086927419354769e+00 0.000000000000000000e+00
1.279253740783410365e+00 0.000000000000000000e+00
1.329420554147465516e+00 0.000000000000000000e+00
1.379587367511520890e+00 0.000000000000000000e+00
1.429754180875576264e+00 0.000000000000000000e+00
1.479920994239631415e+00 0.000000000000000000e+00
1.530087807603686789e+00 0.000000000000000000e+00
1.580254620967742163e+00 0.000000000000000000e+00
1.630421434331797315e+00 0.000000000000000000e+00
1.680588247695852688e+00 0.000000000000000000e+00
1.730755061059908062e+00 0.000000000000000000e+00
1.780921874423963214e+00 0.000000000000000000e+00
1.831088687788018587e+00 0.000000000000000000e+00
1.881255501152073961e+00 0.000000000000000000e+00
1.931422314516129113e+00 0.000000000000000000e+00
1.981589127880184709e+00 0.000000000000000000e+00
2.031755941244239860e+00 0.000000000000000000e+00
2.081922754608295012e+00 0.000000000000000000e+00
2.132089567972350608e+00 2.858143235376720687e-02
2.182256381336405759e+00 3.546725673816899516e-01
2.232423194700460911e+00 1.303507674844857966e+00
2.282590008064516063e+00 3.516095999264872152e+00
2.332756821428571659e+00 5.372071209055005347e+00
2.382923634792626810e+00 5.125386785524407962e+00
2.433090448156682406e+00 3.511583549385056013e+00
2.483257261520737558e+00 2.191240555054665418e+00
2.533424074884792709e+00 1.012173453960687475e+00
2.583590888248848305e+00 3.309045234040617345e-01
2.633757701612903457e+00 2.247664026001681969e-01
2.683924514976959053e+00 3.607378174567706791e-02
2.734091328341014204e+00 6.952431014479459881e-02
2.784258141705069356e+00 0.000000000000000000e+00
2.834424955069124508e+00 0.000000000000000000e+00
2.884591768433180103e+00 3.122951546024112582e-02
2.934758581797235255e+00 0.000000000000000000e+00
2.984925395161290851e+00 1.458269295970853266e-02
3.035092208525346003e+00 0.000000000000000000e+00
3.085259021889401154e+00 0.000000000000000000e+00
3.135425835253456306e+00 0.000000000000000000e+00
3.185592648617511902e+00 0.000000000000000000e+00
3.235759461981567053e+00 1.240948497116145868e-02
3.285926275345622649e+00 3.610040756547219093e-02
3.336093088709677801e+00 3.502286468494745370e-02
3.386259902073732952e+00 9.064761543642757546e-02
3.436426715437788104e+00 8.802033497197642165e-02
3.486593528801843700e+00 1.710112836105897594e-01
3.536760342165898852e+00 2.285172827007879715e-01
3.586927155529954447e+00 8.078908883096531657e-01
3.637093968894009599e+00 1.050951719575246468e+00
3.687260782258064751e+00 1.767959193937011619e+00
3.737427595622119902e+00 2.576573814980655630e+00
3.787594408986175498e+00 3.233328644362816640e+00
3.837761222350230650e+00 3.731583798730015555e+00
3.887928035714286246e+00 3.249108805576028658e+00
3.938094849078341397e+00 2.831740157444269990e+00
3.988261662442396549e+00 2.311683312314391170e+00
4.038428475806451701e+00 1.577428672453217384e+00
4.088595289170507741e+00 1.142558786720769159e+00
4.138762102534562004e+00 8.040342271441774935e-01
4.188928915898618044e+00 5.257291923640908804e-01
4.239095729262673196e+00 7.953459694578667305e-01
4.289262542626728347e+00 9.957809608059032813e-01
4.339429355990784387e+00 1.345486812286178280e+00
4.389596169354838651e+00 1.652065025540556453e+00
4.439762982718894690e+00 2.096128214332510176e+00
4.489929796082948954e+00 2.191342260185695778e+00
4.540096609447004994e+00 2.181003725777214353e+00
4.590263422811061034e+00 1.856102136379537582e+00
4.640430236175115297e+00 1.611036767072834053e+00
4.690597049539171337e+00 1.175188683535597356e+00
4.740763862903225601e+00 1.052169247522000584e+00
4.790930676267281640e+00 6.000356304249472306e-01
4.841097489631336792e+00 3.381841177445274460e-01
4.891264302995391944e+00 2.986974650541262544e-01
4.941431116359447984e+00 1.489922662556030231e-01
4.991597929723502247e+00 1.616567199648848985e-01
5.041764743087558287e+00 8.689506262915819290e-02
5.091931556451613439e+00 1.152588081753791599e-01
5.142098369815668590e+00 1.621603414932953069e-01
5.192265183179724630e+00 2.747088580056865625e-01
5.242431996543778894e+00 3.876679014027471504e-01
5.292598809907834934e+00 5.937227422481641259e-01
5.342765623271889197e+00 6.190395374793257188e-01
5.392932436635945237e+00 6.879906664876302980e-01
5.443099250000001277e+00 8.332454219147321650e-01
5.493266063364055540e+00 6.157248287588457103e-01
5.543432876728111580e+00 7.272484641727314791e-01
5.593599690092165844e+00 6.062923602718612859e-01
5.643766503456221884e+00 6.159577568723156871e-01
5.693933316820277035e+00 6.332051529008689839e-01
5.744100130184332187e+00 7.757724959761491679e-01
5.794266943548388227e+00 1.013949897912778564e+00
5.844433756912442490e+00 1.285713099950198446e+00
5.894600570276498530e+00 1.278879533990987527e+00
5.944767383640552794e+00 1.356653607670832873e+00
5.994934197004608833e+00 1.352119708689657473e+00
6.045101010368664873e+00 1.169771934834981542e+00
6.095267823732719137e+00 8.253513792832112284e-01
6.145434637096775177e+00 5.573426924600862753e-01
6.195601450460829440e+00 4.975800192972596458e-01
6.245768263824885480e+00 3.830352018533488279e-01
6.295935077188940632e+00 3.802332797889435567e-01
6.346101890552995783e+00 4.419968155421898914e-01
6.396268703917051823e+00 6.319931432485440537e-01
6.446435517281106087e+00 9.004631123083557398e-01
6.496602330645162127e+00 1.166754275399020768e+00
6.546769144009217278e+00 1.418745805345931199e+00
6.596935957373272430e+00 1.839115478262831838e+00
6.647102770737328470e+00 2.037892647934666623e+00
6.697269584101382733e+00 2.053825581851824733e+00
6.747436397465438773e+00 1.874997470560117785e+00
6.797603210829493037e+00 1.838988750730623289e+00
6.847770024193549077e+00 1.618182454232548251e+00
6.897936837557605116e+00 1.627499392220222552e+00
6.948103650921659380e+00 1.491043167958137960e+00
6.998270464285715420e+00 1.424642501734470157e+00
7.048437277649769683e+00 1.312898406416357133e+00
7.098604091013825723e+00 1.095862658667038581e+00
7.148770904377880875e+00 1.075451283742374642e+00
7.198937717741936027e+00 9.802866395697532598e-01
7.249104531105992066e+00 7.788521304959358238e-01
7.299271344470046330e+00 5.560182374535900252e-01
7.349438157834102370e+00 5.027490242182223179e-01
7.399604971198156633e+00 4.271384692045513409e-01
7.449771784562212673e+00 4.143817343703053435e-01
7.499938597926268713e+00 5.289728275617064934e-01
7.550105411290322976e+00 5.835085896133503924e-01
7.600272224654379016e+00 6.815499211887690034e-01
7.650439038018433280e+00 8.702152892348418156e-01
7.700605851382489320e+00 9.838070519947766934e-01
7.750772664746544471e+00 1.081417533095912598e+00
7.800939478110599623e+00 1.056877862903847332e+00
7.851106291474655663e+00 1.148810051433245105e+00
7.901273104838709926e+00 1.261223153315553347e+00
7.951439918202765966e+00 1.393322357864777761e+00
8.001606731566820230e+00 1.465197895073375944e+00
8.051773544930876270e+00 1.378855785567576264e+00
8.101940358294932309e+00 1.338080189417380828e+00
8.152107171658986573e+00 1.180893476094603489e+00
8.202273985023042613e+00 1.058340891740812584e+00
8.252440798387098653e+00 1.003539538716981427e+00
8.302607611751152916e+00 7.935360551831381892e-01
8.352774425115207180e+00 7.449242219873900561e-01
8.402941238479263220e+00 8.004610977605167710e-01
8.453108051843319259e+00 9.037268583861426396e-01
8.503274865207373523e+00 9.362222202197207910e-01
8.553441678571429563e+00 1.154370529535202250e+00
8.603608491935485603e+00 1.200628113339563319e+00
8.653775305299539866e+00 1.231858485776685663e+00
8.703942118663594130e+00 1.229704836172944127e+00
8.754108932027651946e+00 1.098663864516437938e+00
8.804275745391706209e+00 1.062712348789436989e+00
8.854442558755760473e+00 9.744703529102993755e-01
8.904609372119816513e+00 8.471777976413206179e-01
8.954776185483872553e+00 7.323905701625632592e-01
9.004942998847926816e+00 6.377271826918518016e-01
9.055109812211981080e+00 5.609570681850257756e-01
9.105276625576038896e+00 4.591928835646477691e-01
9.155443438940093159e+00 4.371235150759034127e-01
9.205610252304147423e+00 3.725760615321233593e-01
9.255777065668203463e+00 3.867481653224351112e-01
9.305943879032259503e+00 4.125966524531627377e-01
9.356110692396313766e+00 4.957578958951489034e-01
9.406277505760369806e+00 5.639096631164258744e-01
9.456444319124425846e+00 6.698215002997623957e-01
9.506611132488480109e+00 7.562200600809981799e-01
9.556777945852534373e+00 8.365044481261048048e-01
9.606944759216590413e+00 9.404155569225283173e-01
9.657111572580646452e+00 1.028195747561795992e+00
9.707278385944700716e+00 1.023111310623415759e+00
9.757445199308756756e+00 1.046735809328737554e+00
9.807612012672812796e+00 1.049562811730004208e+00
9.857778826036867059e+00 1.006817638488364697e+00
9.907945639400921323e+00 1.048267061628022301e+00
9.958112452764979139e+00 1.118968383970531777e+00
1.000827926612903340e+01 1.289381874804378825e+00
1.005844607949308767e+01 1.517992788081563127e+00
1.010861289285714371e+01 1.794146521105291159e+00
1.015877970622119975e+01 1.970358673966821961e+00
1.020894651958525401e+01 2.052022014767356684e+00
1.025911333294931005e+01 2.040644013056952755e+00
1.030928014631336609e+01 2.068510525745372419e+00
1.035944695967742035e+01 1.871761089184889038e+00
1.040961377304147462e+01 1.820189542090179247e+00
1.045978058640553066e+01 1.746954555094629713e+00
1.050994739976958670e+01 1.489178345399742698e+00
1.056011421313364096e+01 1.193099944266319046e+00
1.061028102649769700e+01 9.244700576166312578e-01
1.066044783986175304e+01 8.243250172952543142e-01
1.071061465322580730e+01 6.127489818530743593e-01
1.076078146658986157e+01 5.228925123854696322e-01
1.081094827995391938e+01 4.480140188184171257e-01
1.086111509331797365e+01 4.086384441013575786e-01
