# r(Å)   g(r)   (FINAL_STRUCTURE)
2.507304493087557720e-02 0.000000000000000000e+00
7.521913479262673508e-02 0.000000000000000000e+00
1.253652246543778825e-01 0.000000000000000000e+00
1.755113145161290578e-01 0.000000000000000000e+00
2.256574043778801775e-01 0.000000000000000000e+00
2.758034942396313527e-01 0.000000000000000000e+00
3.259495841013825279e-01 0.000000000000000000e+00
3.760956739631336476e-01 0.000000000000000000e+00
4.262417638248848228e-01 0.000000000000000000e+00
4.763878536866359426e-01 0.000000000000000000e+00
5.265339435483871178e-01 0.000000000000000000e+00
5.766800334101382930e-01 0.000000000000000000e+00
6.268261232718894682e-01 0.000000000000000000e+00
6.769722131336406434e-01 0.000000000000000000e+00
7.271183029953917076e-01 0.000000000000000000e+00
7.772643928571428829e-01 0.000000000000000000e+00
8.274104827188940581e-01 0.000000000000000000e+00
8.775565725806452333e-01 0.000000000000000000e+00
9.277026624423962975e-01 0.000000000000000000e+00
9.778487523041474727e-01 0.000000000000000000e+00
1.027994842165898648e+00 0.000000000000000000e+00
1.078140932027649823e+00 0.000000000000000000e+00
1.128287021889400998e+00 0.000000000000000000e+00
1.178433111751152174e+00 0.000000000000000000e+00
1.228579201612903349e+00 0.000000000000000000e+00
1.278725291474654524e+00 0.000000000000000000e+00
1.328871381336405477e+00 0.000000000000000000e+00
1.379017471198156652e+00 0.000000000000000000e+00
1.429163561059907828e+00 0.000000000000000000e+00
1.479309650921659003e+00 0.000000000000000000e+00
1.529455740783410178e+00 0.000000000000000000e+00
1.579601830645161353e+00 0.000000000000000000e+00
1.629747920506912529e+00 0.000000000000000000e+00
1.679894010368663704e+00 0.000000000000000000e+00
1.730040100230414879e+00 0.000000000000000000e+00
1.780186190092166054e+00 0.000000000000000000e+00
1.830332279953917229e+00 0.000000000000000000e+00
1.880478369815668405e+00 0.000000000000000000e+00
1.930624459677419358e+00 0.000000000000000000e+00
1.980770549539170533e+00 0.000000000000000000e+00
2.030916639400921930e+00 0.000000000000000000e+00
2.081062729262672661e+00 2.997537873525553398e-02
2.131208819124424281e+00 2.858143235376735952e-02
2.181354908986175012e+00 2.455425466488616038e-01
2.231500998847926631e+00 1.381718135335542108e+00
2.281647088709677362e+00 2.867737871740867028e+00
2.331793178571428982e+00 5.443698825175721012e+00
2.381939268433179713e+00 5.651654178680915130e+00
2.432085358294931332e+00 3.687162726854321004e+00
2.482231448156682063e+00 2.338727900106413848e+00
2.532377538018433683e+00 7.894952940893416038e-01
2.582523627880184414e+00 2.919745794741711031e-01
2.632669717741936033e+00 1.685748019501253359e-01
2.682815807603686764e+00 3.607378174567765772e-02
2.732961897465437495e+00 8.690538768099277667e-02
2.783107987327189115e+00 5.028117582244296530e-02
2.833254077188939846e+00 0.000000000000000000e+00
2.883400167050691465e+00 1.561475773012050046e-02
2.933546256912442196e+00 1.508549546362768744e-02
2.983692346774193815e+00 4.374807887912587206e-02
3.033838436635944547e+00 0.000000000000000000e+00
3.083984526497696166e+00 1.364966792324540795e-02
3.134130616359446897e+00 0.000000000000000000e+00
3.184276706221198516e+00 1.280340430892495940e-02
3.234422796082949247e+00 1.240948497116139623e-02
3.284568885944700867e+00 0.000000000000000000e+00
3.334714975806451598e+00 2.334857645663148545e-02
3.384861065668203217e+00 4.532380771821368365e-02
3.435007155529953948e+00 6.601525122898281583e-02
3.485153245391705568e+00 1.923876940619125564e-01
3.535299335253456299e+00 1.973558350597707511e-01
3.585445425115207918e+00 4.847345329857950524e-01
3.635591514976958649e+00 9.330879753238137120e-01
3.685737604838710268e+00 1.720176513019787468e+00
3.735883694700461000e+00 2.502160130793520842e+00
3.786029784562211731e+00 3.296727245232668579e+00
3.836175874423963350e+00 3.731583798729995127e+00
3.886321964285714081e+00 3.756244836076012561e+00
3.936468054147465701e+00 3.049566323401510015e+00
3.986614144009216432e+00 2.246335374157114373e+00
4.036760233870968051e+00 1.704897656085780255e+00
4.086906323732719670e+00 1.127013769214367356e+00
4.137052413594470401e+00 6.371591988689634389e-01
4.187198503456221133e+00 4.961106463154121848e-01
4.237344593317972752e+00 6.941201187995954536e-01
4.287490683179724371e+00 7.768503949549649956e-01
4.337636773041474214e+00 1.276487488579197693e+00
4.387782862903225833e+00 1.550918187242143365e+00
4.437928952764977453e+00 2.122494606965635633e+00
4.488075042626728184e+00 2.088220271471040945e+00
4.538221132488478915e+00 2.294466347349488622e+00
4.588367222350230534e+00 2.053428609350096856e+00
4.638513312211982154e+00 1.882559817703095995e+00
4.688659402073732885e+00 1.446840339026221889e+00
4.738805491935483616e+00 9.018593550188630514e-01
4.788951581797235235e+00 4.245535120931182571e-01
4.839097671658986854e+00 4.047121409073929366e-01
4.889243761520737586e+00 2.009419310364097266e-01
4.939389851382488317e+00 1.170653520579746226e-01
4.989535941244239936e+00 9.907992513976685012e-02
5.039682031105991555e+00 1.124524339906760734e-01
5.089828120967742286e+00 1.453263233515660335e-01
5.139974210829493018e+00 1.670742912355173970e-01
5.190120300691244637e+00 2.457921361103479474e-01
5.240266390552996256e+00 3.214806987242310177e-01
5.290412480414746987e+00 5.937227422481551331e-01
5.340558570276497719e+00 6.281430600893164184e-01
5.390704660138249338e+00 6.567183634654859548e-01
5.440850750000000069e+00 7.674628886056592547e-01
5.490996839861750800e+00 7.190632615575391906e-01
5.541142929723502419e+00 7.653021628794308695e-01
5.591289019585254039e+00 6.851934208551913041e-01
5.641435109447004770e+00 4.650277104863782540e-01
5.691581199308755501e+00 7.053424488009875093e-01
5.741727289170507120e+00 7.954621532344180457e-01
5.791873379032258740e+00 9.133289156771623452e-01
5.842019468894009471e+00 1.186812092261706031e+00
5.892165558755760202e+00 1.484547295305335357e+00
5.942311648617511821e+00 1.360330175713284184e+00
5.992457738479263440e+00 1.471424388868193045e+00
6.042603828341014172e+00 1.091550103326242915e+00
6.092749918202764903e+00 8.638211469616698945e-01
6.142896008064516522e+00 6.433523672224389367e-01
6.193042097926268141e+00 5.009649173877209760e-01
6.243188187788018872e+00 3.597200156535751980e-01
6.293334277649769604e+00 3.343430563661458077e-01
6.343480367511521223e+00 3.903767494934655691e-01
6.393626457373272842e+00 5.494211747839080617e-01
6.443772547235022685e+00 7.378794948082409988e-01
6.493918637096774304e+00 1.182146812013763260e+00
6.544064726958525924e+00 1.421777313477057714e+00
6.594210816820276655e+00 1.767461628460358147e+00
6.644356906682027386e+00 2.102587652631008996e+00
6.694502996543779005e+00 2.042238413547976972e+00
6.744649086405530625e+00 2.051937871130504742e+00
6.794795176267281356e+00 1.926157942278984070e+00
6.844941266129032087e+00 1.618182454232581335e+00
6.895087355990783706e+00 1.564693207621111748e+00
6.945233445852535326e+00 1.394152276177467842e+00
6.995379535714286057e+00 1.299953120763281067e+00
7.045525625576036788e+00 1.349513103009649662e+00
7.095671715437788407e+00 1.211895175467062380e+00
7.145817805299540026e+00 1.128842482226063204e+00
7.195963895161290758e+00 1.000343655213115746e+00
7.246109985023041489e+00 7.837972233879729744e-01
7.296256074884793108e+00 5.925983846544804479e-01
7.346402164746544727e+00 4.690720560887738366e-01
7.396548254608295458e+00 3.915435967708336684e-01
7.446694344470046190e+00 4.096994548859032026e-01
7.496840434331797809e+00 5.081835024610310558e-01
7.546986524193548540e+00 5.629946157597524037e-01
7.597132614055299271e+00 7.332847336882483136e-01
7.647278703917050890e+00 9.012944067075079335e-01
7.697424793778802510e+00 9.509404466942799061e-01
7.747570883640553241e+00 1.057626347367811803e+00
7.797716973502303972e+00 1.065418290078830710e+00
7.847863063364055591e+00 1.176212859999532956e+00
7.898009153225807211e+00 1.248735795361934242e+00
7.948155243087557942e+00 1.333725973826294986e+00
7.998301332949308673e+00 1.434757495591287846e+00
8.048447422811060292e+00 1.400901444929802508e+00
8.098593512672811912e+00 1.330162555160484539e+00
8.148739602534561755e+00 1.300155896693612201e+00
8.198885692396313374e+00 1.125935656724222467e+00
8.249031782258064993e+00 8.890673479888084874e-01
8.299177872119816612e+00 7.445290779034023920e-01
8.349323961981568232e+00 7.821704330867927935e-01
8.399470051843318075e+00 8.041413786697348964e-01
8.449616141705069694e+00 8.528126691812916160e-01
8.499762231566821313e+00 9.613798230663210820e-01
8.549908321428571156e+00 1.104643799032146045e+00
8.600054411290322776e+00 1.253287241117631901e+00
8.650200501152074395e+00 1.233593497728445287e+00
8.700346591013826014e+00 1.135376013314530086e+00
8.750492680875575857e+00 1.174959966218971807e+00
8.800638770737327476e+00 1.014102477945737713e+00
8.850784860599079096e+00 9.380105778014020679e-01
8.900930950460828939e+00 8.324300216669234809e-01
8.951077040322580558e+00 8.749798847074802266e-01
9.001223130184332177e+00 6.745807636011633690e-01
9.051369220046083797e+00 6.180035496953710794e-01
9.101515309907835416e+00 4.513568275311379274e-01
9.151661399769585259e+00 4.557245157174210082e-01
9.201807489631336878e+00 3.879084097433219691e-01
9.251953579493088498e+00 3.988814410972449931e-01
9.302099669354838340e+00 3.870906775742549155e-01
9.352245759216589960e+00 4.527130486467687009e-01
9.402391849078341579e+00 4.978264994699577728e-01
9.452537938940093198e+00 6.712744753546493470e-01
9.502684028801844818e+00 7.303418070744258639e-01
9.552830118663594661e+00 8.848737529497265886e-01
9.602976208525346280e+00 9.375999414826153844e-01
9.653122298387096123e+00 1.114575336110385173e+00
9.703268388248847742e+00 1.065855853250544438e+00
9.753414478110599362e+00 1.104053806710459940e+00
9.803560567972350981e+00 1.003635996287513210e+00
9.853706657834102600e+00 9.720536828433518073e-01
9.903852747695852443e+00 1.076062021595442841e+00
9.953998837557604062e+00 1.086211698257110392e+00
1.000414492741935568e+01 1.238792445108799711e+00
1.005429101728110552e+01 1.403693838725223797e+00
1.010443710714285714e+01 1.777616468111362424e+00
1.015458319700460876e+01 1.854529282270366952e+00
1.020472928686636038e+01 2.052022014767388214e+00
1.025487537672811200e+01 2.018422844130751237e+00
1.030502146658986184e+01 2.078290717356478634e+00
1.035516755645161346e+01 2.035207238628528703e+00
1.040531364631336508e+01 1.732657370434992128e+00
1.045545973617511493e+01 1.703013481988910227e+00
1.050560582603686655e+01 1.415072313993615660e+00
1.055575191589861817e+01 1.259512734132699263e+00
1.060589800576036978e+01 9.844855919437788261e-01
1.065604409562212140e+01 8.643407948338903690e-01
1.070619018548387125e+01 6.195447191748986171e-01
1.075633627534562287e+01 5.587992943518613753e-01
1.080648236520737271e+01 4.580192946729451098e-01
1.085662845506912433e+01 4.009282847786727610e-01
