# r(Å)   g(r)   (FINAL_STRUCTURE)
2.506293202764977093e-02 0.000000000000000000e+00
7.518879608294931627e-02 0.000000000000000000e+00
1.253146601382488512e-01 0.000000000000000000e+00
1.754405241935483861e-01 0.000000000000000000e+00
2.255663882488479488e-01 0.000000000000000000e+00
2.756922523041475115e-01 0.000000000000000000e+00
3.258181163594470187e-01 0.000000000000000000e+00
3.759439804147465258e-01 0.000000000000000000e+00
4.260698444700461440e-01 0.000000000000000000e+00
4.761957085253456512e-01 0.000000000000000000e+00
5.263215725806451584e-01 0.000000000000000000e+00
5.764474366359446655e-01 0.000000000000000000e+00
6.265733006912442837e-01 0.000000000000000000e+00
6.766991647465437909e-01 0.000000000000000000e+00
7.268250288018434091e-01 0.000000000000000000e+00
7.769508928571429163e-01 0.000000000000000000e+00
8.270767569124424234e-01 0.000000000000000000e+00
8.772026209677419306e-01 0.000000000000000000e+00
9.273284850230415488e-01 0.000000000000000000e+00
9.774543490783410560e-01 0.000000000000000000e+00
1.027580213133640452e+00 0.000000000000000000e+00
1.077706077188940181e+00 0.000000000000000000e+00
1.127831941244239689e+00 0.000000000000000000e+00
1.177957805299539196e+00 0.000000000000000000e+00
1.228083669354838925e+00 0.000000000000000000e+00
1.278209533410138210e+00 0.000000000000000000e+00
1.328335397465437939e+00 0.000000000000000000e+00
1.378461261520737224e+00 0.000000000000000000e+00
1.428587125576036954e+00 0.000000000000000000e+00
1.478712989631336683e+00 0.000000000000000000e+00
1.528838853686635968e+00 0.000000000000000000e+00
1.578964717741935697e+00 0.000000000000000000e+00
1.629090581797234982e+00 0.000000000000000000e+00
1.679216445852534711e+00 0.000000000000000000e+00
1.729342309907833997e+00 0.000000000000000000e+00
1.779468173963133726e+00 0.000000000000000000e+00
1.829594038018433455e+00 0.000000000000000000e+00
1.879719902073732740e+00 0.000000000000000000e+00
1.929845766129032469e+00 0.000000000000000000e+00
1.979971630184331755e+00 0.000000000000000000e+00
2.030097494239631484e+00 0.000000000000000000e+00
2.080223358294930769e+00 5.740733401577987477e-02
2.130349222350230498e+00 2.736885909388555790e-02
2.180475086405530227e+00 2.873754309895084069e-01
2.230600950460829512e+00 1.373026697296265919e+00
2.280726814516129242e+00 3.916139587583578052e+00
2.330852678571428527e+00 6.287306619883758607e+00
2.380978542626728256e+00 5.368060661883974127e+00
2.431104406682027985e+00 3.572766623644665795e+00
2.481230270737327270e+00 1.371950159872680874e+00
2.531356134792626555e+00 4.458466201652925287e-01
2.581481998847926285e+00 1.863916644838076453e-01
2.631607862903226014e+00 1.793588673718293086e-02
2.681733726958525743e+00 3.454334399202682593e-02
2.731859591013825028e+00 0.000000000000000000e+00
2.781985455069124313e+00 0.000000000000000000e+00
2.832111319124424043e+00 0.000000000000000000e+00
2.882237183179723772e+00 0.000000000000000000e+00
2.932363047235023501e+00 0.000000000000000000e+00
2.982488911290322786e+00 2.792803830708326385e-02
3.032614775345622071e+00 0.000000000000000000e+00
3.082740639400921800e+00 0.000000000000000000e+00
3.132866503456221530e+00 3.796702297886343780e-02
3.182992367511520815e+00 2.452043439361258764e-02
3.233118231566820544e+00 0.000000000000000000e+00
3.283244095622119829e+00 1.152294673527830271e-02
3.333369959677419558e+00 0.000000000000000000e+00
3.383495823732719288e+00 3.255070175501517671e-02
3.433621687788018573e+00 7.375029708093762404e-02
3.483747551843317858e+00 7.164329114680620392e-02
3.533873415898617587e+00 1.193576667666284008e-01
3.583999279953917316e+00 5.028503661959841109e-01
3.634125144009217045e+00 9.781490349860987310e-01
3.684251008064516331e+00 1.711255350735252811e+00
3.734376872119815616e+00 2.930430472908137851e+00
3.784502736175115345e+00 3.902715124460238272e+00
3.834628600230415074e+00 4.282856219564350475e+00
3.884754464285714803e+00 4.024890026813696231e+00
3.934880328341014089e+00 3.104705195830558040e+00
3.985006192396313374e+00 1.947663625864249237e+00
4.035132056451613103e+00 1.068034496176493597e+00
4.085257920506912832e+00 6.251917089426560770e-01
4.135383784562211673e+00 4.212785714739503140e-01
4.185509648617511402e+00 2.623482504614110256e-01
4.235635512672811132e+00 5.608169386028198922e-01
4.285761376728110861e+00 8.047562739565990997e-01
4.335887240783410590e+00 1.156260226320175333e+00
4.386013104838710319e+00 1.956484382046234094e+00
4.436138968894009160e+00 2.366980584166580748e+00
4.486264832949308889e+00 2.727886336979587156e+00
4.536390697004608619e+00 2.595502600415098282e+00
4.586516561059908348e+00 2.302887307306153097e+00
4.636642425115207189e+00 1.577355344903453638e+00
4.686768289170506918e+00 1.119676127315119452e+00
4.736894153225806647e+00 7.030571693322498206e-01
4.787020017281106377e+00 3.740184011057276492e-01
4.837145881336406106e+00 2.070430629545362000e-01
4.887271745391705835e+00 5.720503249508920168e-02
4.937397609447004676e+00 2.038160544608048214e-02
4.987523473502304405e+00 1.997398706168351801e-02
5.037649337557604134e+00 4.405157014183991998e-02
5.087775201612902976e+00 5.278513999182909283e-02
5.137901065668202705e+00 1.411642318250254935e-01
5.188026929723502434e+00 1.938294673444985738e-01
5.238152793778802163e+00 3.666939239281775675e-01
5.288278657834101892e+00 5.996256297510813571e-01
5.338404521889401622e+00 6.930256484948212892e-01
5.388530385944700463e+00 9.882037773306348027e-01
5.438656250000000192e+00 9.280776476478269643e-01
5.488782114055299921e+00 7.256647062255354719e-01
5.538907978110599650e+00 7.044924095105027373e-01
5.589033842165898491e+00 4.692280343382240759e-01
5.639159706221198221e+00 6.210746593624472123e-01
5.689285570276497950e+00 5.180764199813280291e-01
5.739411434331797679e+00 6.976098185783893291e-01
5.789537298387097408e+00 1.100637632408996591e+00
5.839663162442397137e+00 1.300374033755612446e+00
5.889789026497695978e+00 1.693703465421170673e+00
5.939914890552995708e+00 1.566662048240932137e+00
5.990040754608295437e+00 1.454003779568674437e+00
6.040166618663594278e+00 1.099715955093207187e+00
6.090292482718894007e+00 7.601957542068087381e-01
6.140418346774193736e+00 3.788592028792958644e-01
6.190544210829493466e+00 2.268905155513616656e-01
6.240670074884793195e+00 1.467139412436119228e-01
6.290795938940092924e+00 1.663568583475002471e-01
6.340921802995391765e+00 2.780441658232967184e-01
6.391047667050691494e+00 4.287963765424107065e-01
6.441173531105991223e+00 7.784298672051055412e-01
6.491299395161290953e+00 1.196847807765400562e+00
6.541425259216589794e+00 1.715611395960004337e+00
6.591551123271889523e+00 2.138467179626143189e+00
6.641676987327189252e+00 2.568121757693246021e+00
6.691802851382488981e+00 2.357810805081661965e+00
6.741928715437788711e+00 2.052333611316442763e+00
6.792054579493088440e+00 1.779817562336866832e+00
6.842180443548387281e+00 1.472584849339310997e+00
6.892306307603687010e+00 1.252514588036778731e+00
6.942432171658986739e+00 1.422630889207617155e+00
6.992558035714285580e+00 1.402307938905327900e+00
7.042683899769585310e+00 1.502627589163634703e+00
7.092809763824885039e+00 1.370354359690354018e+00
7.142935627880184768e+00 1.214852703876507345e+00
7.193061491935484497e+00 9.434992965002817478e-01
7.243187355990784226e+00 6.534708879266944992e-01
7.293313220046083067e+00 4.063274307250602235e-01
7.343439084101382797e+00 2.925373852420569132e-01
7.393564948156682526e+00 2.090531487159057178e-01
7.443690812211982255e+00 2.936779481128118374e-01
7.493816676267281096e+00 3.959347465351539253e-01
7.543942540322580825e+00 5.522052272921753602e-01
7.594068404377880555e+00 7.430992834899760036e-01
7.644194268433180284e+00 9.459612737210785216e-01
7.694320132488480013e+00 9.798355107686073096e-01
7.744445996543779742e+00 9.754769538118559513e-01
7.794571860599078583e+00 1.146978211054416663e+00
7.844697724654378312e+00 1.128330262711312759e+00
7.894823588709678042e+00 1.237609444548905868e+00
7.944949452764976883e+00 1.564450206412167921e+00
7.995075316820276612e+00 1.624568656743025308e+00
8.045201180875576341e+00 1.648527800392965981e+00
8.095327044930876070e+00 1.554254027533426008e+00
8.145452908986175800e+00 1.194447779701723000e+00
8.195578773041475529e+00 1.009741869354859878e+00
8.245704637096775258e+00 6.357709674130462840e-01
8.295830501152074987e+00 5.811833234643185575e-01
8.345956365207372940e+00 4.993244589841427383e-01
8.396082229262672669e+00 6.643011854842282293e-01
8.446208093317972398e+00 8.688684958081743792e-01
8.496333957373272128e+00 1.137405658955983112e+00
8.546459821428571857e+00 1.394499717838443509e+00
8.596585685483871586e+00 1.517794102576907722e+00
8.646711549539171315e+00 1.397240516735180682e+00
8.696837413594471045e+00 1.269503560778331153e+00
8.746963277649770774e+00 1.196547728604364647e+00
8.797089141705068727e+00 9.807095029230270544e-01
8.847215005760368456e+00 9.616933942073656594e-01
8.897340869815668185e+00 8.771392282317764799e-01
8.947466733870967914e+00 7.757950737535742602e-01
8.997592597926267644e+00 6.045340715213756155e-01
9.047718461981567373e+00 4.582537310216723836e-01
9.097844326036867102e+00 3.181530518492964865e-01
9.147970190092166831e+00 2.775679847613178874e-01
9.198096054147466560e+00 1.849915635600991037e-01
9.248221918202766290e+00 2.585120478892611873e-01
9.298347782258064242e+00 3.476810946130841629e-01
9.348473646313363972e+00 4.292426032735894847e-01
9.398599510368663701e+00 5.540478044480159348e-01
9.448725374423963430e+00 6.135775370463241174e-01
9.498851238479263159e+00 7.571777490821697265e-01
9.548977102534562889e+00 8.977368395276562607e-01
9.599102966589862618e+00 1.036674429165397759e+00
9.649228830645162347e+00 1.144667713973677392e+00
9.699354694700462076e+00 1.153992848145282579e+00
9.749480558755760029e+00 1.075509515597724342e+00
9.799606422811059758e+00 9.985674834144036005e-01
9.849732286866359487e+00 8.885625673684381942e-01
9.899858150921659217e+00 8.010074225178145380e-01
9.949984014976958946e+00 9.761403072606358311e-01
1.000010987903225868e+01 1.146488179979004984e+00
1.005023574308755840e+01 1.577798693645910966e+00
1.010036160714285813e+01 1.910409817311821579e+00
1.015048747119815786e+01 2.178521271556316030e+00
1.020061333525345759e+01 2.361300049229221987e+00
1.025073919930875554e+01 2.353630915046610816e+00
1.030086506336405527e+01 2.228933053699753586e+00
1.035099092741935500e+01 2.149430262061845731e+00
1.040111679147465473e+01 1.924383221146610312e+00
1.045124265552995446e+01 1.813853996415152103e+00
1.050136851958525419e+01 1.469928540801280992e+00
1.055149438364055392e+01 1.153639483960691159e+00
1.060162024769585365e+01 8.764077811858936862e-01
1.065174611175115338e+01 5.988571595278807669e-01
1.070187197580645133e+01 4.327438782896788627e-01
1.075199783986175106e+01 3.309405061788141533e-01
1.080212370391705079e+01 3.363925308302814221e-01
1.085224956797235052e+01 3.132524423550521742e-01
