# r(Å)   g(r)   (FINAL_STRUCTURE)
2.506293202764977093e-02 0.000000000000000000e+00
7.518879608294931627e-02 0.000000000000000000e+00
1.253146601382488512e-01 0.000000000000000000e+00
1.754405241935483861e-01 0.000000000000000000e+00
2.255663882488479488e-01 0.000000000000000000e+00
2.756922523041475115e-01 0.000000000000000000e+00
3.258181163594470187e-01 0.000000000000000000e+00
3.759439804147465258e-01 0.000000000000000000e+00
4.260698444700461440e-01 0.000000000000000000e+00
4.761957085253456512e-01 0.000000000000000000e+00
5.263215725806451584e-01 0.000000000000000000e+00
5.764474366359446655e-01 0.000000000000000000e+00
6.265733006912442837e-01 0.000000000000000000e+00
6.766991647465437909e-01 0.000000000000000000e+00
7.268250288018434091e-01 0.000000000000000000e+00
7.769508928571429163e-01 0.000000000000000000e+00
8.270767569124424234e-01 0.000000000000000000e+00
8.772026209677419306e-01 0.000000000000000000e+00
9.273284850230415488e-01 0.000000000000000000e+00
9.774543490783410560e-01 0.000000000000000000e+00
1.027580213133640452e+00 0.000000000000000000e+00
1.077706077188940181e+00 0.000000000000000000e+00
1.127831941244239689e+00 0.000000000000000000e+00
1.177957805299539196e+00 0.000000000000000000e+00
1.228083669354838925e+00 0.000000000000000000e+00
1.278209533410138210e+00 0.000000000000000000e+00
1.328335397465437939e+00 0.000000000000000000e+00
1.378461261520737224e+00 0.000000000000000000e+00
1.428587125576036954e+00 0.000000000000000000e+00
1.478712989631336683e+00 0.000000000000000000e+00
1.528838853686635968e+00 0.000000000000000000e+00
1.578964717741935697e+00 0.000000000000000000e+00
1.629090581797234982e+00 0.000000000000000000e+00
1.679216445852534711e+00 0.000000000000000000e+00
1.729342309907833997e+00 0.000000000000000000e+00
1.779468173963133726e+00 0.000000000000000000e+00
1.829594038018433455e+00 0.000000000000000000e+00
1.879719902073732740e+00 0.000000000000000000e+00
1.929845766129032469e+00 0.000000000000000000e+00
1.979971630184331755e+00 0.000000000000000000e+00
2.030097494239631484e+00 0.000000000000000000e+00
2.080223358294930769e+00 2.772241798710891811e-02
2.130349222350230498e+00 5.286648228063862975e-02
2.180475086405530227e+00 2.270874764232032883e-01
2.230600950460829512e+00 1.760081899171097142e+00
2.280726814516129242e+00 4.151265830476616792e+00
2.330852678571428527e+00 5.652826242837094561e+00
2.380978542626728256e+00 5.417326612096900362e+00
2.431104406682027985e+00 3.105566850237623910e+00
2.481230270737327270e+00 1.402993447046130715e+00
2.531356134792626555e+00 3.369953218283956997e-01
2.581481998847926285e+00 2.160237281478802340e-01
2.631607862903226014e+00 8.661369799213337883e-02
2.681733726958525743e+00 6.672492546379020506e-02
2.731859591013825028e+00 6.429883682612066997e-02
2.781985455069124313e+00 1.550067457411446852e-02
2.832111319124424043e+00 1.046979363240818778e-01
2.882237183179723772e+00 7.220573330950207092e-02
2.932363047235023501e+00 8.370998367939519458e-02
2.982488911290322786e+00 2.697330453618118976e-02
3.032614775345622071e+00 1.174005649444063437e-01
3.082740639400921800e+00 6.311876872274189976e-02
3.132866503456221530e+00 9.778427083498000827e-02
3.182992367511520815e+00 1.657753387080651009e-01
3.233118231566820544e+00 9.181426727947496202e-02
3.283244095622119829e+00 7.790320380512319454e-02
3.333369959677419558e+00 9.717159897900885801e-02
3.383495823732719288e+00 1.257517598121810909e-01
3.433621687788018573e+00 1.017558668319884091e-01
3.483747551843317858e+00 2.570067681474140220e-01
3.533873415898617587e+00 3.170127565823819826e-01
3.583999279953917316e+00 5.790563664238236319e-01
3.634125144009217045e+00 1.280809465232686017e+00
3.684251008064516331e+00 1.962094458576213452e+00
3.734376872119815616e+00 2.942085937113203098e+00
3.784502736175115345e+00 3.685536684716195666e+00
3.834628600230415074e+00 3.875367290893115158e+00
3.884754464285714803e+00 3.314934400872755482e+00
3.934880328341014089e+00 2.688639671529646780e+00
3.985006192396313374e+00 1.865972693087376122e+00
4.035132056451613103e+00 1.127307507953640320e+00
4.085257920506912832e+00 7.979039717505042040e-01
4.135383784562211673e+00 4.700130349448722877e-01
4.185509648617511402e+00 4.382784796730401222e-01
4.235635512672811132e+00 6.553237433574632398e-01
4.285761376728110861e+00 8.425600133318772444e-01
4.335887240783410590e+00 1.371986134181354400e+00
4.386013104838710319e+00 1.777347473365277875e+00
4.436138968894009160e+00 2.420179950399536928e+00
4.486264832949308889e+00 2.503496657257039182e+00
4.536390697004608619e+00 2.162821342937359947e+00
4.586516561059908348e+00 1.750814677628411475e+00
4.636642425115207189e+00 1.450888261024664505e+00
4.686768289170506918e+00 1.048629766193729607e+00
4.736894153225806647e+00 7.164492673315049354e-01
4.787020017281106377e+00 3.821734060515137310e-01
4.837145881336406106e+00 2.358563822891494299e-01
4.887271745391705835e+00 2.059297690422207672e-01
4.937397609447004676e+00 1.525575890995674311e-01
4.987523473502304405e+00 1.302153735888869901e-01
5.037649337557604134e+00 1.512734061470079328e-01
5.087775201612902976e+00 2.317302451538383878e-01
5.137901065668202705e+00 2.454092332220909334e-01
5.188026929723502434e+00 3.432060708197103294e-01
5.238152793778802163e+00 4.503494574389425020e-01
5.288278657834101892e+00 5.877067929171467808e-01
5.338404521889401622e+00 8.082526487190626607e-01
5.388530385944700463e+00 8.098122187810552486e-01
5.438656250000000192e+00 8.111772446096247036e-01
5.488782114055299921e+00 7.964289774506689845e-01
5.538907978110599650e+00 6.452154204635248691e-01
5.589033842165898491e+00 5.299986394625918473e-01
5.639159706221198221e+00 6.526592730099428641e-01
5.689285570276497950e+00 6.300901683363870909e-01
5.739411434331797679e+00 8.376496595575936288e-01
5.789537298387097408e+00 1.138174241751233717e+00
5.839663162442397137e+00 1.375531544369736014e+00
5.889789026497695978e+00 1.590844721507515214e+00
5.939914890552995708e+00 1.547107291082264524e+00
5.990040754608295437e+00 1.354144444911487222e+00
6.040166618663594278e+00 9.470310442126014250e-01
6.090292482718894007e+00 6.242385939824872665e-01
6.140418346774193736e+00 5.377252493826362167e-01
6.190544210829493466e+00 3.255707390977700122e-01
6.240670074884793195e+00 3.419245273235469451e-01
6.290795938940092924e+00 2.940561717788220397e-01
6.340921802995391765e+00 3.580521184145425972e-01
6.391047667050691494e+00 5.463093866088376549e-01
6.441173531105991223e+00 9.021826296846803261e-01
6.491299395161290953e+00 1.406480023598397855e+00
6.541425259216589794e+00 1.813967268782889164e+00
6.591551123271889523e+00 2.189615722870195569e+00
6.641676987327189252e+00 2.333467647921854127e+00
6.691802851382488981e+00 2.089673112699883983e+00
6.741928715437788711e+00 1.916189100897309316e+00
6.792054579493088440e+00 1.555138010859587805e+00
6.842180443548387281e+00 1.347928367299117802e+00
6.892306307603687010e+00 1.290511573561393899e+00
6.942432171658986739e+00 1.284389014362615322e+00
6.992558035714285580e+00 1.315112267421153502e+00
7.042683899769585310e+00 1.354508888638467745e+00
7.092809763824885039e+00 1.275814133393947891e+00
7.142935627880184768e+00 1.088673857439182324e+00
7.193061491935484497e+00 8.208163838280285729e-01
7.243187355990784226e+00 6.311316631610671690e-01
7.293313220046083067e+00 4.781415432405536903e-01
7.343439084101382797e+00 3.826483327872895468e-01
7.393564948156682526e+00 3.665043057880184030e-01
7.443690812211982255e+00 4.265402232063100763e-01
7.493816676267281096e+00 5.255323037671432163e-01
7.543942540322580825e+00 6.619167399180054812e-01
7.594068404377880555e+00 8.092283199184239217e-01
7.644194268433180284e+00 9.423663200903024117e-01
7.694320132488480013e+00 9.929470699322530125e-01
7.744445996543779742e+00 1.106152389407830228e+00
7.794571860599078583e+00 1.115666720375447785e+00
7.844697724654378312e+00 1.200877934366733513e+00
7.894823588709678042e+00 1.197225955547658760e+00
7.944949452764976883e+00 1.429243352820510182e+00
7.995075316820276612e+00 1.520234330379664156e+00
8.045201180875576341e+00 1.497642639994660518e+00
8.095327044930876070e+00 1.341855800618210415e+00
8.145452908986175800e+00 1.108410643687075536e+00
8.195578773041475529e+00 9.662927285685217749e-01
8.245704637096775258e+00 7.816618179937415700e-01
8.295830501152074987e+00 7.147182197265752324e-01
8.345956365207372940e+00 7.009918072304104353e-01
8.396082229262672669e+00 8.219862110293086888e-01
8.446208093317972398e+00 9.198871568081314898e-01
8.496333957373272128e+00 1.131761096593898897e+00
8.546459821428571857e+00 1.189150625807742445e+00
8.596585685483871586e+00 1.277596070275510698e+00
8.646711549539171315e+00 1.206665065946984416e+00
8.696837413594471045e+00 1.268931389499286189e+00
8.746963277649770774e+00 1.143098859301107328e+00
8.797089141705068727e+00 1.108406182007427132e+00
8.847215005760368456e+00 9.839947040958758606e-01
8.897340869815668185e+00 9.047420628912304919e-01
8.947466733870967914e+00 6.968249467900079486e-01
8.997592597926267644e+00 6.060962446013449245e-01
9.047718461981567373e+00 5.275884648835240665e-01
9.097844326036867102e+00 4.014890692403009220e-01
9.147970190092166831e+00 3.770311549701212406e-01
9.198096054147466560e+00 3.445731045138137327e-01
9.248221918202766290e+00 3.969546973516601129e-01
9.298347782258064242e+00 4.717787241370581808e-01
9.348473646313363972e+00 5.683160777799798336e-01
9.398599510368663701e+00 6.179539850707096438e-01
9.448725374423963430e+00 7.780421947625858481e-01
9.498851238479263159e+00 7.658634806498488823e-01
9.548977102534562889e+00 8.933612918871493003e-01
9.599102966589862618e+00 9.491553477736641709e-01
9.649228830645162347e+00 1.024360912869738183e+00
9.699354694700462076e+00 1.035479339752551020e+00
9.749480558755760029e+00 1.040004833874594192e+00
9.799606422811059758e+00 1.000659585432286169e+00
9.849732286866359487e+00 9.731885706026616178e-01
9.899858150921659217e+00 9.425489448664808867e-01
9.949984014976958946e+00 1.143927150253239544e+00
1.000010987903225868e+01 1.311238724777454845e+00
1.005023574308755840e+01 1.646197319780068336e+00
1.010036160714285813e+01 1.839221650384666118e+00
1.015048747119815786e+01 2.041170544754475902e+00
1.020061333525345759e+01 2.108785072155295648e+00
1.025073919930875554e+01 2.068802428928308235e+00
1.030086506336405527e+01 1.957135401116778972e+00
1.035099092741935500e+01 1.789303982079980759e+00
1.040111679147465473e+01 1.779861906895002122e+00
1.045124265552995446e+01 1.591489393164811306e+00
1.050136851958525419e+01 1.281518043798579365e+00
1.055149438364055392e+01 1.099115845169139405e+00
1.060162024769585365e+01 8.560539390522153846e-01
1.065174611175115338e+01 7.169012502883120863e-01
1.070187197580645133e+01 5.551720979756750163e-01
1.075199783986175106e+01 5.064222244627838432e-01
1.080212370391705079e+01 4.266788172769828691e-01
1.085224956797235052e+01 4.777542766790214279e-01
