# r(Å)   g(r)   (FINAL_STRUCTURE)
2.506293202764977093e-02 0.000000000000000000e+00
7.518879608294931627e-02 0.000000000000000000e+00
1.253146601382488512e-01 0.000000000000000000e+00
1.754405241935483861e-01 0.000000000000000000e+00
2.255663882488479488e-01 0.000000000000000000e+00
2.756922523041475115e-01 0.000000000000000000e+00
3.258181163594470187e-01 0.000000000000000000e+00
3.759439804147465258e-01 0.000000000000000000e+00
4.260698444700461440e-01 0.000000000000000000e+00
4.761957085253456512e-01 0.000000000000000000e+00
5.263215725806451584e-01 0.000000000000000000e+00
5.764474366359446655e-01 0.000000000000000000e+00
6.265733006912442837e-01 0.000000000000000000e+00
6.766991647465437909e-01 0.000000000000000000e+00
7.268250288018434091e-01 0.000000000000000000e+00
7.769508928571429163e-01 0.000000000000000000e+00
8.270767569124424234e-01 0.000000000000000000e+00
8.772026209677419306e-01 0.000000000000000000e+00
9.273284850230415488e-01 0.000000000000000000e+00
9.774543490783410560e-01 0.000000000000000000e+00
1.027580213133640452e+00 0.000000000000000000e+00
1.077706077188940181e+00 0.000000000000000000e+00
1.127831941244239689e+00 0.000000000000000000e+00
1.177957805299539196e+00 0.000000000000000000e+00
1.228083669354838925e+00 0.000000000000000000e+00
1.278209533410138210e+00 0.000000000000000000e+00
1.328335397465437939e+00 0.000000000000000000e+00
1.378461261520737224e+00 0.000000000000000000e+00
1.428587125576036954e+00 0.000000000000000000e+00
1.478712989631336683e+00 0.000000000000000000e+00
1.528838853686635968e+00 0.000000000000000000e+00
1.578964717741935697e+00 0.000000000000000000e+00
1.629090581797234982e+00 0.000000000000000000e+00
1.679216445852534711e+00 0.000000000000000000e+00
1.729342309907833997e+00 0.000000000000000000e+00
1.779468173963133726e+00 0.000000000000000000e+00
1.829594038018433455e+00 0.000000000000000000e+00
1.879719902073732740e+00 0.000000000000000000e+00
1.929845766129032469e+00 0.000000000000000000e+00
1.979971630184331755e+00 0.000000000000000000e+00
2.030097494239631484e+00 0.000000000000000000e+00
2.080223358294930769e+00 0.000000000000000000e+00
2.130349222350230498e+00 0.000000000000000000e+00
2.180475086405530227e+00 2.829458181895922464e-01
2.230600950460829512e+00 1.573076742990729526e+00
2.280726814516129242e+00 3.855776104234676538e+00
2.330852678571428527e+00 6.257925472507579023e+00
2.380978542626728256e+00 5.242171780396445158e+00
2.431104406682027985e+00 3.165926310548315303e+00
2.481230270737327270e+00 1.469991371981675288e+00
2.531356134792626555e+00 4.771460087993009691e-01
2.581481998847926285e+00 1.651667564152855261e-01
2.631607862903226014e+00 7.063768994216289288e-02
2.681733726958525743e+00 1.020326758119979443e-01
2.731859591013825028e+00 3.277427102074658566e-02
2.781985455069124313e+00 6.320777601252587641e-02
2.832111319124424043e+00 1.067328340535193126e-01
2.882237183179723772e+00 2.944364644277372087e-02
2.932363047235023501e+00 5.689130789244681990e-02
2.982488911290322786e+00 2.749755475622564505e-02
3.032614775345622071e+00 1.329803884281375789e-02
3.082740639400921800e+00 7.721464591501005226e-02
3.132866503456221530e+00 4.984239765609264905e-02
3.182992367511520815e+00 6.035618935807899460e-02
3.233118231566820544e+00 4.679937970769552230e-02
3.283244095622119829e+00 4.538132686906615199e-02
3.333369959677419558e+00 6.604014375500238954e-02
3.383495823732719288e+00 8.546390491356385677e-02
3.433621687788018573e+00 1.244802993816320064e-01
3.483747551843317858e+00 1.410779589718532401e-01
3.533873415898617587e+00 1.762768266107480886e-01
3.583999279953917316e+00 5.236628447096229877e-01
3.634125144009217045e+00 8.704687593440390003e-01
3.684251008064516331e+00 2.000229513562776784e+00
3.734376872119815616e+00 3.060656526454583748e+00
3.784502736175115345e+00 3.765707394832165544e+00
3.834628600230415074e+00 3.859198880405679155e+00
3.884754464285714803e+00 3.735938589804325805e+00
3.934880328341014089e+00 2.843580636764063474e+00
3.985006192396313374e+00 2.033162904735803522e+00
4.035132056451613103e+00 1.179262642439741438e+00
4.085257920506912832e+00 6.375390934092158846e-01
4.135383784562211673e+00 4.004820419141291721e-01
4.185509648617511402e+00 3.490600098793718020e-01
4.235635512672811132e+00 5.044538805582031715e-01
4.285761376728110861e+00 7.856933206368399425e-01
4.335887240783410590e+00 1.444189411783838528e+00
4.386013104838710319e+00 1.646596413166933282e+00
4.436138968894009160e+00 2.523150206425166520e+00
4.486264832949308889e+00 2.606843368342128375e+00
4.536390697004608619e+00 2.466350261738174066e+00
4.586516561059908348e+00 2.151114101094336206e+00
4.636642425115207189e+00 1.649751517961442593e+00
4.686768289170506918e+00 9.186811739022576750e-01
4.736894153225806647e+00 6.922202267807460174e-01
4.787020017281106377e+00 3.362312475996845351e-01
4.837145881336406106e+00 2.456674278930459365e-01
4.887271745391705835e+00 1.689698176509335792e-01
4.937397609447004676e+00 7.023604986639343795e-02
4.987523473502304405e+00 9.833053737782306014e-02
5.037649337557604134e+00 1.397560203113809019e-01
5.087775201612902976e+00 1.322911122697872366e-01
5.137901065668202705e+00 1.945836514604947498e-01
5.188026929723502434e+00 2.271925888118618564e-01
5.238152793778802163e+00 3.788709131375594952e-01
5.288278657834101892e+00 5.772633619342809608e-01
5.338404521889401622e+00 7.166750720604494473e-01
5.388530385944700463e+00 8.845196155619294842e-01
5.438656250000000192e+00 8.972333693022412904e-01
5.488782114055299921e+00 8.200273674808344904e-01
5.538907978110599650e+00 6.856605470684674630e-01
5.589033842165898491e+00 5.442148502581600766e-01
5.639159706221198221e+00 4.768941716159000865e-01
5.689285570276497950e+00 6.876779347684016663e-01
5.739411434331797679e+00 7.017078003794698926e-01
5.789537298387097408e+00 1.076374916599191378e+00
5.839663162442397137e+00 1.463234322996267878e+00
5.889789026497695978e+00 1.582982888898540663e+00
5.939914890552995708e+00 1.615306247118197813e+00
5.990040754608295437e+00 1.360012139040674972e+00
6.040166618663594278e+00 1.072708263137679641e+00
6.090292482718894007e+00 6.495602685435580836e-01
6.140418346774193736e+00 4.314051107950084840e-01
6.190544210829493466e+00 3.031765113672011402e-01
6.240670074884793195e+00 1.915565608591015545e-01
6.290795938940092924e+00 2.410533032860521785e-01
6.340921802995391765e+00 3.285100624816636450e-01
6.391047667050691494e+00 4.132041974521740157e-01
6.441173531105991223e+00 8.106483082656946726e-01
6.491299395161290953e+00 1.256766036110624096e+00
6.541425259216589794e+00 1.863514092021600899e+00
6.591551123271889523e+00 2.218098626596651801e+00
6.641676987327189252e+00 2.434271037230958612e+00
6.691802851382488981e+00 2.239533299362375107e+00
6.741928715437788711e+00 2.061059048704276808e+00
6.792054579493088440e+00 1.651641242969826395e+00
6.842180443548387281e+00 1.389801004195603040e+00
6.892306307603687010e+00 1.349062935088046755e+00
6.942432171658986739e+00 1.271289694180429031e+00
6.992558035714285580e+00 1.398201510318642482e+00
7.042683899769585310e+00 1.427684734546365242e+00
7.092809763824885039e+00 1.324921199168441976e+00
7.142935627880184768e+00 1.186538739043702551e+00
7.193061491935484497e+00 7.682207532448043219e-01
7.243187355990784226e+00 5.991063598117095657e-01
7.293313220046083067e+00 4.276549291166289457e-01
7.343439084101382797e+00 3.469946103023799355e-01
7.393564948156682526e+00 3.176953617134774532e-01
7.443690812211982255e+00 3.421254516166862270e-01
7.493816676267281096e+00 4.704115544751739098e-01
7.543942540322580825e+00 6.081631081635419100e-01
7.594068404377880555e+00 7.676972095926783979e-01
7.644194268433180284e+00 9.774259633487859533e-01
7.694320132488480013e+00 1.034969768571321946e+00
7.744445996543779742e+00 1.029772117260393749e+00
7.794571860599078583e+00 1.082999425410727801e+00
7.844697724654378312e+00 1.116900249976322979e+00
7.894823588709678042e+00 1.287210276053249114e+00
7.944949452764976883e+00 1.427959033274191381e+00
7.995075316820276612e+00 1.576567785735771166e+00
8.045201180875576341e+00 1.551314717479597149e+00
8.095327044930876070e+00 1.547092652725398532e+00
8.145452908986175800e+00 1.176036528762211208e+00
8.195578773041475529e+00 1.006923548096729126e+00
8.245704637096775258e+00 6.781354409149558116e-01
8.295830501152074987e+00 6.326462154985026398e-01
8.345956365207372940e+00 5.969766847571524870e-01
8.396082229262672669e+00 7.460119372828830642e-01
8.446208093317972398e+00 1.008055573046318543e+00
8.496333957373272128e+00 1.101237332742497355e+00
8.546459821428571857e+00 1.212262828334113918e+00
8.596585685483871586e+00 1.375244062319324057e+00
8.646711549539171315e+00 1.289006289439264430e+00
8.696837413594471045e+00 1.309764129820260248e+00
8.746963277649770774e+00 1.115762100513289834e+00
8.797089141705068727e+00 1.093601033071028628e+00
8.847215005760368456e+00 9.703071976946957555e-01
8.897340869815668185e+00 8.033664930556512207e-01
8.947466733870967914e+00 8.020287944991641993e-01
8.997592597926267644e+00 6.299618647669115168e-01
9.047718461981567373e+00 5.019864425682838416e-01
9.097844326036867102e+00 3.516663660623002285e-01
9.147970190092166831e+00 3.302857593094759014e-01
9.198096054147466560e+00 2.934479364877807805e-01
9.248221918202766290e+00 3.174442056610590757e-01
9.298347782258064242e+00 3.550529094726099233e-01
9.348473646313363972e+00 5.387784923877109167e-01
9.398599510368663701e+00 6.285799343688970309e-01
9.448725374423963430e+00 6.657647172341379926e-01
9.498851238479263159e+00 7.170417933363970597e-01
9.548977102534562889e+00 8.999943786830296721e-01
9.599102966589862618e+00 9.622938208311311303e-01
9.649228830645162347e+00 1.074481873435423562e+00
9.699354694700462076e+00 1.098504999068176780e+00
9.749480558755760029e+00 1.143851976542499260e+00
9.799606422811059758e+00 9.704401023373009361e-01
9.849732286866359487e+00 8.862117671094259519e-01
9.899858150921659217e+00 9.209360379537273600e-01
9.949984014976958946e+00 1.004330932730527648e+00
1.000010987903225868e+01 1.225432082327631900e+00
1.005023574308755840e+01 1.587381342631326353e+00
1.010036160714285813e+01 1.892950997869622398e+00
1.015048747119815786e+01 2.116453053286282859e+00
1.020061333525345759e+01 2.260256970120416042e+00
1.025073919930875554e+01 2.210271931899517206e+00
1.030086506336405527e+01 2.154234743683919540e+00
1.035099092741935500e+01 2.019273315709462668e+00
1.040111679147465473e+01 1.811063604903368152e+00
1.045124265552995446e+01 1.620182041291837294e+00
1.050136851958525419e+01 1.405128264106989766e+00
1.055149438364055392e+01 1.144645317069159951e+00
1.060162024769585365e+01 8.803091239531779522e-01
1.065174611175115338e+01 6.726267785881121508e-01
1.070187197580645133e+01 4.751948139056729192e-01
1.075199783986175106e+01 4.094150652697322590e-01
1.080212370391705079e+01 4.202979563576707545e-01
1.085224956797235052e+01 3.676164378749325889e-01
