# r(Å)   g(r)   (FINAL_STRUCTURE)
2.505507413594470004e-02 0.000000000000000000e+00
7.516522240783410358e-02 0.000000000000000000e+00
1.252753706797234967e-01 0.000000000000000000e+00
1.753855189516129176e-01 0.000000000000000000e+00
2.254956672235022830e-01 0.000000000000000000e+00
2.756058154953917039e-01 0.000000000000000000e+00
3.257159637672810693e-01 0.000000000000000000e+00
3.758261120391704901e-01 0.000000000000000000e+00
4.259362603110599110e-01 0.000000000000000000e+00
4.760464085829493319e-01 0.000000000000000000e+00
5.261565568548387528e-01 0.000000000000000000e+00
5.762667051267280627e-01 0.000000000000000000e+00
6.263768533986175946e-01 0.000000000000000000e+00
6.764870016705069045e-01 0.000000000000000000e+00
7.265971499423962143e-01 0.000000000000000000e+00
7.767072982142857462e-01 0.000000000000000000e+00
8.268174464861750561e-01 0.000000000000000000e+00
8.769275947580645880e-01 0.000000000000000000e+00
9.270377430299538979e-01 0.000000000000000000e+00
9.771478913018432078e-01 0.000000000000000000e+00
1.027258039573732740e+00 0.000000000000000000e+00
1.077368187845622050e+00 0.000000000000000000e+00
1.127478336117511581e+00 0.000000000000000000e+00
1.177588484389400891e+00 0.000000000000000000e+00
1.227698632661290201e+00 0.000000000000000000e+00
1.277808780933179733e+00 0.000000000000000000e+00
1.327918929205069265e+00 0.000000000000000000e+00
1.378029077476958353e+00 0.000000000000000000e+00
1.428139225748847885e+00 0.000000000000000000e+00
1.478249374020737417e+00 0.000000000000000000e+00
1.528359522292626727e+00 0.000000000000000000e+00
1.578469670564516036e+00 0.000000000000000000e+00
1.628579818836405568e+00 0.000000000000000000e+00
1.678689967108294878e+00 0.000000000000000000e+00
1.728800115380184188e+00 0.000000000000000000e+00
1.778910263652073720e+00 0.000000000000000000e+00
1.829020411923963252e+00 0.000000000000000000e+00
1.879130560195852340e+00 0.000000000000000000e+00
1.929240708467741872e+00 0.000000000000000000e+00
1.979350856739631404e+00 0.000000000000000000e+00
2.029461005011520491e+00 0.000000000000000000e+00
2.079571153283410467e+00 0.000000000000000000e+00
2.129681301555299555e+00 0.000000000000000000e+00
2.179791449827188643e+00 2.360447079685198124e-01
2.229901598099078619e+00 1.503703986015017868e+00
2.280011746370967707e+00 3.260228443633570006e+00
2.330121894642856795e+00 6.702079983626862081e+00
2.380232042914746771e+00 6.224902799032385303e+00
2.430342191186635858e+00 3.206964285813443283e+00
2.480452339458524946e+00 1.357059947674515321e+00
2.530562487730414922e+00 4.086690476173482356e-01
2.580672636002304010e+00 7.484818718038831198e-02
2.630782784274193542e+00 0.000000000000000000e+00
2.680892932546083074e+00 0.000000000000000000e+00
2.731003080817972162e+00 0.000000000000000000e+00
2.781113229089861694e+00 0.000000000000000000e+00
2.831223377361751226e+00 0.000000000000000000e+00
2.881333525633640313e+00 0.000000000000000000e+00
2.931443673905529845e+00 0.000000000000000000e+00
2.981553822177419377e+00 0.000000000000000000e+00
3.031663970449308465e+00 0.000000000000000000e+00
3.081774118721198441e+00 0.000000000000000000e+00
3.131884266993087529e+00 0.000000000000000000e+00
3.181994415264976617e+00 0.000000000000000000e+00
3.232104563536866593e+00 0.000000000000000000e+00
3.282214711808755681e+00 0.000000000000000000e+00
3.332324860080644768e+00 0.000000000000000000e+00
3.382435008352534744e+00 0.000000000000000000e+00
3.432545156624423832e+00 1.057695221628096940e-02
3.482655304896313364e+00 5.137387217879688800e-02
3.532765453168202896e+00 1.298097265462832273e-01
3.582875601440091984e+00 4.368604704757402812e-01
3.632985749711981516e+00 8.403428445065881380e-01
3.683095897983871048e+00 1.800628385532374143e+00
3.733206046255760135e+00 2.691515143890740980e+00
3.783316194527649667e+00 3.978921270762245221e+00
3.833426342799539199e+00 4.350485333873965743e+00
3.883536491071428287e+00 4.172836281482687149e+00
3.933646639343318263e+00 3.455107019718941519e+00
3.983756787615207351e+00 2.112329648107707403e+00
4.033866935887096439e+00 1.133479756164350372e+00
4.083977084158986415e+00 5.080864872637068652e-01
4.134087232430875503e+00 2.552138435868847033e-01
4.184197380702764590e+00 2.776104841800861589e-01
4.234307528974654566e+00 3.822905839677127049e-01
4.284417677246543654e+00 8.282702236344808844e-01
4.334527825518433630e+00 1.187313422123085660e+00
4.384637973790322718e+00 1.756701030539751240e+00
4.434748122062211806e+00 2.211483294278304701e+00
4.484858270334100894e+00 2.936818796938522880e+00
4.534968418605990870e+00 2.696545992231571542e+00
4.585078566877879958e+00 2.584576413106061121e+00
4.635188715149769934e+00 1.728534161513054945e+00
4.685298863421659021e+00 1.231917913891931171e+00
4.735409011693548109e+00 5.779830040033306915e-01
4.785519159965437197e+00 3.101798220777529647e-01
4.835629308237327173e+00 5.862509646112590289e-02
4.885739456509216261e+00 4.176633299865736143e-02
4.935849604781106237e+00 2.557662355251079725e-02
4.985959753052995325e+00 5.013021660839318480e-03
5.036069901324884412e+00 9.827514362468941014e-03
5.086180049596774388e+00 7.226118177852366986e-02
5.136290197868663476e+00 1.228207006904819265e-01
5.186400346140553452e+00 1.945873531020516356e-01
5.236510494412442540e+00 3.863068676056894968e-01
5.286620642684331628e+00 4.637400095910059195e-01
5.336730790956220716e+00 6.957354236172780260e-01
5.386840939228110692e+00 8.460490928689010648e-01
5.436951087499999780e+00 9.148430253884463070e-01
5.487061235771889756e+00 7.905903495198922659e-01
5.537171384043778843e+00 8.047983335704880226e-01
5.587281532315667931e+00 5.868324043017527636e-01
5.637391680587557019e+00 4.901753942314338031e-01
5.687501828859446995e+00 4.160817058412703551e-01
5.737611977131336083e+00 6.473390032190545762e-01
5.787722125403226059e+00 1.019373359973829496e+00
5.837832273675115147e+00 1.444414955858547289e+00
5.887942421947004235e+00 1.664378260928475850e+00
5.938052570218893322e+00 1.767177301357631514e+00
5.988162718490783298e+00 1.511820779431757078e+00
6.038272866762673274e+00 1.107433921556942424e+00
6.088383015034562362e+00 7.631681687883488108e-01
6.138493163306451450e+00 3.935698039823644079e-01
6.188603311578340538e+00 1.789681709721408498e-01
6.238713459850230514e+00 8.645141870953083896e-02
6.288823608122119602e+00 8.192812141675938353e-02
6.338933756394009578e+00 1.550729647224212693e-01
6.389043904665898665e+00 3.968899982635817336e-01
6.439154052937787753e+00 6.913035500772224395e-01
6.489264201209676841e+00 1.065393895678693692e+00
6.539374349481566817e+00 1.853460629811567006e+00
6.589484497753455905e+00 2.215710929720491773e+00
6.639594646025345881e+00 2.640355815177436227e+00
6.689704794297234969e+00 2.620441444704604717e+00
6.739814942569124057e+00 2.131689017760007854e+00
6.789925090841013144e+00 1.813808182674630398e+00
6.840035239112903120e+00 1.398432332379360155e+00
6.890145387384793096e+00 1.254786923863677739e+00
6.940255535656682184e+00 1.347986950798733430e+00
6.990365683928571272e+00 1.372086208107795358e+00
7.040475832200460360e+00 1.470790386246808579e+00
7.090585980472350336e+00 1.378191295217262580e+00
7.140696128744239424e+00 1.356472114996421174e+00
7.190806277016129400e+00 9.327275475808568528e-01
7.240916425288018488e+00 6.393876607616472141e-01
7.291026573559907575e+00 3.680623159252479626e-01
7.341136721831796663e+00 2.127454545804276509e-01
7.391246870103686639e+00 1.596841217791170886e-01
7.441357018375575727e+00 2.025523840466305348e-01
7.491467166647465703e+00 3.508508076401039011e-01
7.541577314919354791e+00 5.740848576670011250e-01
7.591687463191243879e+00 7.957385064159143706e-01
7.641797611463132966e+00 9.411237734484675377e-01
7.691907759735022942e+00 1.091090720904396738e+00
7.742017908006912030e+00 1.066616455667790619e+00
7.792128056278802006e+00 9.728938463659104752e-01
7.842238204550691094e+00 1.053713587942704422e+00
7.892348352822580182e+00 1.310473137348313832e+00
7.942458501094470158e+00 1.475740602550126290e+00
7.992568649366359246e+00 1.798694977180571142e+00
8.042678797638249222e+00 1.697359471837922573e+00
8.092788945910136533e+00 1.630736452397417713e+00
8.142899094182027397e+00 1.266779986858530327e+00
8.193009242453918262e+00 9.635624966634350752e-01
8.243119390725805573e+00 6.309205871314008673e-01
8.293229538997696437e+00 4.783612670653577537e-01
8.343339687269583749e+00 4.744227329635072876e-01
8.393449835541474613e+00 5.483781970566474762e-01
8.443559983813365477e+00 9.037303266400587010e-01
8.493670132085252789e+00 1.122850896573687196e+00
8.543780280357143653e+00 1.324832910143260545e+00
8.593890428629030964e+00 1.535540626689670951e+00
8.644000576900921828e+00 1.494438312161393778e+00
8.694110725172810916e+00 1.396473336809441523e+00
8.744220873444700004e+00 1.118102099102713964e+00
8.794331021716590868e+00 1.103785165731790308e+00
8.844441169988478180e+00 9.096931516638021575e-01
8.894551318260369044e+00 8.427627212147266178e-01
8.944661466532256355e+00 7.616942560647341764e-01
8.994771614804147220e+00 5.961153899390826405e-01
9.044881763076038084e+00 4.371955890777162179e-01
9.094991911347925395e+00 3.103575116902180797e-01
9.145102059619816259e+00 2.488508022519675678e-01
9.195212207891703571e+00 1.916106034164216654e-01
9.245322356163594435e+00 2.245310022197368471e-01
9.295432504435485299e+00 3.490405501870422755e-01
9.345542652707372611e+00 4.166520633442994392e-01
9.395652800979263475e+00 5.011574349216273427e-01
9.445762949251150786e+00 6.117863474645822697e-01
9.495873097523041650e+00 6.910348755167420309e-01
9.545983245794930738e+00 8.821006773597794837e-01
9.596093394066819826e+00 1.071854995392364396e+00
9.646203542338710690e+00 1.182626639223199660e+00
9.696313690610598002e+00 1.167783679285535614e+00
9.746423838882488866e+00 1.180733104067550832e+00
9.796533987154376177e+00 1.038831033035386264e+00
9.846644135426267042e+00 8.573322986999415418e-01
9.896754283698157906e+00 7.112562216294912032e-01
9.946864431970045217e+00 8.199897923382800657e-01
9.996974580241936081e+00 1.136007152650014396e+00
1.004708472851382339e+01 1.522238916574565781e+00
1.009719487678571426e+01 2.014445922339973105e+00
1.014730502505760512e+01 2.283864640663525236e+00
1.019741517332949243e+01 2.462813487900953113e+00
1.024752532160138330e+01 2.434039201592176571e+00
1.029763546987327061e+01 2.370449933737217130e+00
1.034774561814516147e+01 2.060068701188994211e+00
1.039785576641705056e+01 1.958419543669475127e+00
1.044796591468893965e+01 1.770713281985164089e+00
1.049807606296083051e+01 1.496030208999575617e+00
1.054818621123271782e+01 1.232074775510966891e+00
1.059829635950460869e+01 8.010599945131503530e-01
1.064840650777649600e+01 5.836133921494960353e-01
1.069851665604838686e+01 3.843505889785517882e-01
1.074862680432027773e+01 3.117395192727870357e-01
1.079873695259216504e+01 2.799982785318091416e-01
1.084884710086405590e+01 3.070653572547485943e-01
