# r(Å)   g(r)   (FINAL_STRUCTURE)
2.506293202764977093e-02 0.000000000000000000e+00
7.518879608294931627e-02 0.000000000000000000e+00
1.253146601382488512e-01 0.000000000000000000e+00
1.754405241935483861e-01 0.000000000000000000e+00
2.255663882488479488e-01 0.000000000000000000e+00
2.756922523041475115e-01 0.000000000000000000e+00
3.258181163594470187e-01 0.000000000000000000e+00
3.759439804147465258e-01 0.000000000000000000e+00
4.260698444700461440e-01 0.000000000000000000e+00
4.761957085253456512e-01 0.000000000000000000e+00
5.263215725806451584e-01 0.000000000000000000e+00
5.764474366359446655e-01 0.000000000000000000e+00
6.265733006912442837e-01 0.000000000000000000e+00
6.766991647465437909e-01 0.000000000000000000e+00
7.268250288018434091e-01 0.000000000000000000e+00
7.769508928571429163e-01 0.000000000000000000e+00
8.270767569124424234e-01 0.000000000000000000e+00
8.772026209677419306e-01 0.000000000000000000e+00
9.273284850230415488e-01 0.000000000000000000e+00
9.774543490783410560e-01 0.000000000000000000e+00
1.027580213133640452e+00 0.000000000000000000e+00
1.077706077188940181e+00 0.000000000000000000e+00
1.127831941244239689e+00 0.000000000000000000e+00
1.177957805299539196e+00 0.000000000000000000e+00
1.228083669354838925e+00 0.000000000000000000e+00
1.278209533410138210e+00 0.000000000000000000e+00
1.328335397465437939e+00 0.000000000000000000e+00
1.378461261520737224e+00 0.000000000000000000e+00
1.428587125576036954e+00 0.000000000000000000e+00
1.478712989631336683e+00 0.000000000000000000e+00
1.528838853686635968e+00 0.000000000000000000e+00
1.578964717741935697e+00 0.000000000000000000e+00
1.629090581797234982e+00 0.000000000000000000e+00
1.679216445852534711e+00 0.000000000000000000e+00
1.729342309907833997e+00 0.000000000000000000e+00
1.779468173963133726e+00 0.000000000000000000e+00
1.829594038018433455e+00 0.000000000000000000e+00
1.879719902073732740e+00 0.000000000000000000e+00
1.929845766129032469e+00 0.000000000000000000e+00
1.979971630184331755e+00 0.000000000000000000e+00
2.030097494239631484e+00 0.000000000000000000e+00
2.080223358294930769e+00 0.000000000000000000e+00
2.130349222350230498e+00 0.000000000000000000e+00
2.180475086405530227e+00 3.273900621984842663e-01
2.230600950460829512e+00 1.068876293372774677e+00
2.280726814516129242e+00 2.992422127033937063e+00
2.330852678571428527e+00 5.372071209055015117e+00
2.380978542626728256e+00 6.040634425796588935e+00
2.431104406682027985e+00 3.950531493058227372e+00
2.481230270737327270e+00 2.085892451446255347e+00
2.531356134792626555e+00 7.894952940893474880e-01
2.581481998847926285e+00 2.335796635793360443e-01
2.631607862903226014e+00 7.492213420005547353e-02
2.681733726958525743e+00 7.214756349135495461e-02
2.731859591013825028e+00 1.738107753619849705e-02
2.781985455069124313e+00 3.352078388162892109e-02
2.832111319124424043e+00 4.851710825678128697e-02
2.882237183179723772e+00 1.561475773012044495e-02
2.932363047235023501e+00 0.000000000000000000e+00
2.982488911290322786e+00 0.000000000000000000e+00
3.032614775345622071e+00 2.820923083964418585e-02
3.082740639400921800e+00 0.000000000000000000e+00
3.132866503456221530e+00 0.000000000000000000e+00
3.182992367511520815e+00 0.000000000000000000e+00
3.233118231566820544e+00 1.240948497116139797e-02
3.283244095622119829e+00 1.203346918849087892e-02
3.333369959677419558e+00 0.000000000000000000e+00
3.383495823732719288e+00 0.000000000000000000e+00
3.433621687788018573e+00 8.802033497197674083e-02
3.483747551843317858e+00 7.481743657963300931e-02
3.533873415898617587e+00 2.285172827007872498e-01
3.583999279953917316e+00 5.049318051935337559e-01
3.634125144009217045e+00 8.348681884476273352e-01
3.684251008064516331e+00 1.443036963699933395e+00
3.734376872119815616e+00 2.678892630738038516e+00
3.784502736175115345e+00 3.514093876786450021e+00
3.834628600230415074e+00 4.110917376378665722e+00
3.884754464285714803e+00 3.979728510533631969e+00
3.934880328341014089e+00 3.259014559898868235e+00
3.985006192396313374e+00 2.205492912808812100e+00
4.035132056451613103e+00 1.449959688820626313e+00
4.085257920506912832e+00 7.461608403074320162e-01
4.135383784562211673e+00 5.461364561734117773e-01
4.185509648617511402e+00 3.776364621206820260e-01
4.235635512672811132e+00 4.916684174830485698e-01
4.285761376728110861e+00 9.251581976281766373e-01
4.335887240783410590e+00 1.179888435389407908e+00
4.386013104838710319e+00 1.753211863838985973e+00
4.436138968894009160e+00 2.221368579339780158e+00
4.486264832949308889e+00 2.494263102034874002e+00
4.536390697004608619e+00 2.452053321755332860e+00
4.586516561059908348e+00 2.016429895668120142e+00
4.636642425115207189e+00 1.737747524033636859e+00
4.686768289170506918e+00 1.269676215880159553e+00
4.736894153225806647e+00 7.688929116506912909e-01
4.787020017281106377e+00 4.981427875225930557e-01
4.837145881336406106e+00 3.215521119538167216e-01
4.887271745391705835e+00 1.683567530305088988e-01
4.937397609447004676e+00 9.578074259288738013e-02
4.987523473502304405e+00 1.564419870627903608e-01
5.037649337557604134e+00 1.328983310798878825e-01
5.087775201612902976e+00 9.521379805792538897e-02
5.137901065668202705e+00 1.719882409777364063e-01
5.188026929723502434e+00 2.024170532673463252e-01
5.238152793778802163e+00 3.167530413900472297e-01
5.288278657834101892e+00 5.334227762385801430e-01
5.338404521889401622e+00 5.735219244293824348e-01
5.388530385944700463e+00 8.086124067159893292e-01
5.438656250000000192e+00 8.464019285765371770e-01
5.488782114055299921e+00 8.611536066557201607e-01
5.538907978110599650e+00 6.891947654660135480e-01
5.589033842165898491e+00 5.938342980745032751e-01
5.639159706221198221e+00 5.302947575721883577e-01
5.689285570276497950e+00 5.089686988507059473e-01
5.739411434331797679e+00 6.733862782330996000e-01
5.789537298387097408e+00 8.939787267856870168e-01
5.839663162442397137e+00 1.202027631906115390e+00
5.889789026497695978e+00 1.596729710567683869e+00
5.939914890552995708e+00 1.614013370643611500e+00
5.990040754608295437e+00 1.489500855561883386e+00
6.040166618663594278e+00 1.215993926181058837e+00
6.090292482718894007e+00 8.743129017830587602e-01
6.140418346774193736e+00 5.504619184790934261e-01
6.190544210829493466e+00 3.655689937694140967e-01
6.240670074884793195e+00 2.797822343972256043e-01
6.290795938940092924e+00 2.097838785042503429e-01
6.340921802995391765e+00 3.290779210606101235e-01
6.391047667050691494e+00 4.128598423231618075e-01
6.441173531105991223e+00 7.441327108659308021e-01
6.491299395161290953e+00 1.151361738784249633e+00
6.541425259216589794e+00 1.576384228162193368e+00
6.591551123271889523e+00 1.949581830041595909e+00
6.641676987327189252e+00 2.255503118276860786e+00
6.691802851382488981e+00 2.273981779624369537e+00
6.741928715437788711e+00 1.997714199987947303e+00
6.792054579493088440e+00 1.892415029421588235e+00
6.842180443548387281e+00 1.623724174966229894e+00
6.892306307603687010e+00 1.340775506006930406e+00
6.942432171658986739e+00 1.294569970736201725e+00
6.992558035714285580e+00 1.363624294025188144e+00
7.042683899769585310e+00 1.399204476957663701e+00
7.092809763824885039e+00 1.410439704213810375e+00
7.142935627880184768e+00 1.174606366640617239e+00
7.193061491935484497e+00 9.928222743468541056e-01
7.243187355990784226e+00 7.294012015755642064e-01
7.293313220046083067e+00 5.340701491330518413e-01
7.343439084101382797e+00 3.776631425945494169e-01
7.393564948156682526e+00 2.989969284431837626e-01
7.443690812211982255e+00 3.183950049398973081e-01
7.493816676267281096e+00 4.180964270247616299e-01
7.543942540322580825e+00 5.310839897652716024e-01
7.594068404377880555e+00 7.512794510793634473e-01
7.644194268433180284e+00 9.101741545568479141e-01
7.694320132488480013e+00 1.016673657295259270e+00
7.744445996543779742e+00 1.113860059088822574e+00
7.794571860599078583e+00 9.629331639790473796e-01
7.844697724654378312e+00 1.112975609461930526e+00
7.894823588709678042e+00 1.396502864479756578e+00
7.944949452764976883e+00 1.325505782924470077e+00
7.995075316820276612e+00 1.491579574624583460e+00
8.045201180875576341e+00 1.565241814721284541e+00
8.095327044930876070e+00 1.464762337527930613e+00
8.145452908986175800e+00 1.257143220411983009e+00
8.195578773041475529e+00 1.091172634732734847e+00
8.245704637096775258e+00 8.642650399977134246e-01
8.295830501152074987e+00 6.314360534117732238e-01
8.345956365207372940e+00 6.536710047939382484e-01
8.396082229262672669e+00 6.808519682100807602e-01
8.446208093317972398e+00 7.928066604755745761e-01
8.496333957373272128e+00 1.065604177716506396e+00
8.546459821428571857e+00 1.323086222313398341e+00
8.596585685483871586e+00 1.362116105192270332e+00
8.646711549539171315e+00 1.301258963848574757e+00
8.696837413594471045e+00 1.264006226303304725e+00
8.746963277649770774e+00 1.066449954908711417e+00
8.797089141705068727e+00 1.020807287717322875e+00
8.847215005760368456e+00 9.197806902469657375e-01
8.897340869815668185e+00 8.455391558663721829e-01
8.947466733870967914e+00 7.728988981582842754e-01
8.997592597926267644e+00 6.633644563678918749e-01
9.047718461981567373e+00 5.324338274298583418e-01
9.097844326036867102e+00 4.779994180451180852e-01
9.147970190092166831e+00 3.627195125097835149e-01
9.198096054147466560e+00 3.127799035084519730e-01
9.248221918202766290e+00 3.018152348986886113e-01
9.298347782258064242e+00 3.765882173299806013e-01
9.348473646313363972e+00 4.289641674062857901e-01
9.398599510368663701e+00 5.418819419009280880e-01
9.448725374423963430e+00 6.000786976655259064e-01
9.498851238479263159e+00 7.864113552553164688e-01
9.548977102534562889e+00 8.393497013510307081e-01
9.599102966589862618e+00 9.671639036014361146e-01
9.649228830645162347e+00 1.163338007065187307e+00
9.699354694700462076e+00 1.118252389374125855e+00
9.749480558755760029e+00 1.136806948071506174e+00
9.799606422811059758e+00 1.095489627172510749e+00
9.849732286866359487e+00 9.078740724217592151e-01
9.899858150921659217e+00 9.304693741471107282e-01
9.949984014976958946e+00 9.669773622602554353e-01
1.000010987903225868e+01 1.197283169461178298e+00
1.005023574308755840e+01 1.488454857349035709e+00
1.010036160714285813e+01 1.787788808415277986e+00
1.015048747119815786e+01 2.057230717739174874e+00
1.020061333525345759e+01 2.202869319619780164e+00
1.025073919930875554e+01 2.115949085529051032e+00
1.030086506336405527e+01 2.130859247266098322e+00
1.035099092741935500e+01 2.059421482990574592e+00
1.040111679147465473e+01 1.944892909927723457e+00
1.045124265552995446e+01 1.659072408883152550e+00
1.050136851958525419e+01 1.518585500719671133e+00
1.055149438364055392e+01 1.194265080930650091e+00
1.060162024769585365e+01 9.302407820711438013e-01
1.065174611175115338e+01 7.179973798355446801e-01
1.070187197580645133e+01 5.425263628606751265e-01
1.075199783986175106e+01 4.465906007069124772e-01
1.080212370391705079e+01 4.068812180832271919e-01
1.085224956797235052e+01 3.711890988198209285e-01
