# r(Å)   g(r)   (FINAL_STRUCTURE)
2.508618663594469958e-02 0.000000000000000000e+00
7.525855990783410221e-02 0.000000000000000000e+00
1.254309331797235083e-01 0.000000000000000000e+00
1.756033064516129005e-01 0.000000000000000000e+00
2.257756797235023205e-01 0.000000000000000000e+00
2.759480529953917127e-01 0.000000000000000000e+00
3.261204262672811049e-01 0.000000000000000000e+00
3.762927995391704972e-01 0.000000000000000000e+00
4.264651728110598894e-01 0.000000000000000000e+00
4.766375460829492816e-01 0.000000000000000000e+00
5.268099193548387849e-01 0.000000000000000000e+00
5.769822926267280661e-01 0.000000000000000000e+00
6.271546658986175693e-01 0.000000000000000000e+00
6.773270391705068505e-01 0.000000000000000000e+00
7.274994124423963537e-01 0.000000000000000000e+00
7.776717857142856349e-01 0.000000000000000000e+00
8.278441589861751382e-01 0.000000000000000000e+00
8.780165322580644194e-01 0.000000000000000000e+00
9.281889055299539226e-01 0.000000000000000000e+00
9.783612788018433148e-01 0.000000000000000000e+00
1.028533652073732707e+00 0.000000000000000000e+00
1.078706025345621988e+00 0.000000000000000000e+00
1.128878398617511492e+00 0.000000000000000000e+00
1.179050771889400995e+00 0.000000000000000000e+00
1.229223145161290276e+00 0.000000000000000000e+00
1.279395518433179557e+00 0.000000000000000000e+00
1.329567891705069060e+00 0.000000000000000000e+00
1.379740264976958564e+00 0.000000000000000000e+00
1.429912638248847845e+00 0.000000000000000000e+00
1.480085011520737126e+00 0.000000000000000000e+00
1.530257384792626629e+00 0.000000000000000000e+00
1.580429758064516133e+00 0.000000000000000000e+00
1.630602131336405414e+00 0.000000000000000000e+00
1.680774504608294917e+00 0.000000000000000000e+00
1.730946877880184420e+00 0.000000000000000000e+00
1.781119251152073701e+00 0.000000000000000000e+00
1.831291624423962983e+00 0.000000000000000000e+00
1.881463997695852486e+00 0.000000000000000000e+00
1.931636370967741989e+00 0.000000000000000000e+00
1.981808744239631270e+00 0.000000000000000000e+00
2.031981117511520551e+00 0.000000000000000000e+00
2.082153490783410277e+00 0.000000000000000000e+00
2.132325864055299114e+00 1.099034924145328856e-01
2.182498237327188839e+00 8.654972625512342699e-01
2.232670610599078564e+00 1.979876914919786568e+00
2.282842983870967402e+00 3.308172979569339311e+00
2.333015357142857127e+00 5.118369302564387269e+00
2.383187730414746408e+00 4.905135421145638830e+00
2.433360103686635689e+00 3.460145676798702663e+00
2.483532476958525415e+00 2.167244991062295512e+00
2.533704850230414696e+00 7.394963718790091844e-01
2.583877223502303977e+00 2.619686551313597511e-01
2.634049596774193702e+00 0.000000000000000000e+00
2.684221970046082539e+00 1.733920535094770829e-02
2.734394343317972265e+00 0.000000000000000000e+00
2.784566716589861990e+00 0.000000000000000000e+00
2.834739089861750827e+00 0.000000000000000000e+00
2.884911463133640552e+00 0.000000000000000000e+00
2.935083836405529834e+00 0.000000000000000000e+00
2.985256209677419115e+00 0.000000000000000000e+00
3.035428582949308840e+00 0.000000000000000000e+00
3.085600956221197677e+00 0.000000000000000000e+00
3.135773329493087402e+00 0.000000000000000000e+00
3.185945702764977128e+00 0.000000000000000000e+00
3.236118076036865965e+00 1.192947330731415102e-02
3.286290449308755690e+00 0.000000000000000000e+00
3.336462822580645415e+00 1.122271473193552777e-02
3.386635195852534252e+00 3.267797710481849804e-02
3.436807569124423978e+00 7.403866551396716400e-02
3.486979942396313259e+00 2.260450375867026074e-01
3.537152315668202540e+00 2.995609074145026418e-01
3.587324688940092265e+00 8.057648677663696857e-01
3.637497062211981103e+00 1.236909130678230495e+00
3.687669435483870828e+00 2.067047891555006345e+00
3.737841808755760553e+00 2.745166608553038401e+00
3.788014182027649390e+00 3.352045271867517329e+00
3.838186555299539116e+00 3.214101250561880452e+00
3.888358928571428397e+00 3.239112519487535202e+00
3.938531301843317678e+00 3.189329556663655918e+00
3.988703675115207403e+00 2.253675126419716346e+00
4.038876048387097129e+00 1.470460224213224976e+00
4.089048421658985966e+00 1.068475995275149248e+00
4.139220794930875691e+00 6.489723451209272742e-01
4.189393168202764528e+00 5.552209683601827539e-01
4.239565541474654253e+00 7.020245269225208196e-01
4.289737914746543979e+00 8.554266244093873262e-01
4.339910288018432816e+00 1.452634857234392118e+00
4.390082661290322541e+00 1.782630197042160747e+00
4.440255034562211378e+00 2.122770497373175136e+00
4.490427407834101103e+00 2.224299468567373150e+00
4.540599781105990829e+00 2.296608833833154950e+00
4.590772154377880554e+00 1.914720599617564467e+00
4.640944527649769391e+00 1.699531910480969854e+00
4.691116900921658228e+00 1.317073530059584829e+00
4.741289274193547953e+00 9.225497948514560509e-01
4.791461647465437679e+00 4.951993650715031947e-01
4.841634020737327404e+00 2.931254823056312353e-01
4.891806394009216241e+00 1.148574157463062434e-01
4.941978767281105966e+00 7.161454594703051124e-02
4.992151140552994804e+00 3.509115162587540804e-02
5.042323513824884529e+00 4.422381463111053901e-02
5.092495887096774254e+00 1.252527150827727753e-01
5.142668260368663979e+00 1.889549241392038115e-01
5.192840633640552817e+00 3.150461907366551850e-01
5.243013006912441654e+00 3.772172942502654003e-01
5.293185380184331379e+00 4.771171252522784512e-01
5.343357753456221104e+00 6.476027842475318153e-01
5.393530126728110830e+00 7.429771221640661949e-01
5.443702499999999667e+00 7.588559657599913688e-01
5.493874873271889392e+00 7.367805351546667936e-01
5.544047246543778229e+00 6.828591921204157922e-01
5.594219619815667954e+00 7.026020622932475090e-01
5.644391993087557680e+00 6.744813424624535037e-01
5.694564366359447405e+00 7.127325516725507848e-01
5.744736739631336242e+00 8.404050217229738218e-01
5.794909112903225079e+00 1.037975063623010730e+00
5.845081486175114804e+00 1.239637139331746463e+00
5.895253859447004530e+00 1.369607165040482855e+00
5.945426232718894255e+00 1.367795231250840349e+00
5.995598605990783092e+00 1.261588374560279391e+00
6.045770979262672817e+00 1.066417850388167388e+00
6.095943352534561654e+00 7.867019889712552061e-01
6.146115725806451380e+00 5.953156698892814180e-01
6.196288099078341105e+00 3.676982421791336608e-01
6.246460472350229942e+00 3.105847264749779790e-01
6.296632845622119667e+00 2.646908538079886242e-01
6.346805218894008505e+00 3.814794932171671760e-01
6.396977592165898230e+00 6.625009971015040078e-01
6.447149965437787955e+00 9.077116179274687946e-01
6.497322338709677680e+00 1.240000117470514196e+00
6.547494711981566518e+00 1.567864495029261285e+00
6.597667085253456243e+00 1.991843763246115451e+00
6.647839458525345080e+00 1.970372594409746547e+00
6.698011831797234805e+00 2.160959150999757661e+00
6.748184205069124530e+00 2.035666989932988447e+00
6.798356578341013368e+00 1.857058452306223906e+00
6.848528951612903093e+00 1.704755605186241585e+00
6.898701324884791930e+00 1.477918489822737325e+00
6.948873698156681655e+00 1.472177687148698899e+00
6.999046071428571381e+00 1.456247629794670706e+00
7.049218444700461106e+00 1.191717338600011278e+00
7.099390817972349943e+00 1.288955887613256079e+00
7.149563191244238780e+00 1.085177691997133653e+00
7.199735564516128505e+00 8.073998150893831882e-01
7.249907937788018231e+00 7.748712914806445973e-01
7.300080311059907956e+00 5.649873766750659332e-01
7.350252684331796793e+00 4.578652174665718833e-01
7.400425057603686518e+00 3.216494452979317131e-01
7.450597430875575355e+00 3.893506937785284894e-01
7.500769804147465081e+00 4.574383947712760690e-01
7.550942177419354806e+00 5.697025305092278114e-01
7.601114550691244531e+00 6.551868680544113976e-01
7.651286923963133368e+00 8.493588703684629149e-01
7.701459297235022206e+00 9.604968508347667688e-01
7.751631670506911931e+00 1.085329025065453479e+00
7.801804043778801656e+00 1.137095339423455087e+00
7.851976417050691381e+00 1.244192582686201698e+00
7.902148790322580219e+00 1.266457245712192980e+00
7.952321163594469944e+00 1.371036115354451024e+00
8.002493536866360557e+00 1.445588913330568381e+00
8.052665910138248506e+00 1.471943968767546629e+00
8.102838283410136455e+00 1.449966367242498722e+00
8.153010656682027957e+00 1.212274616504095404e+00
8.203183029953915906e+00 9.338572944541499998e-01
8.253355403225807407e+00 9.060313082642732496e-01
8.303527776497695356e+00 7.139179516051042951e-01
8.353700149769585082e+00 7.948818620218937037e-01
8.403872523041474807e+00 7.358881612115126813e-01
8.454044896313362756e+00 9.334467977287902452e-01
8.504217269585254257e+00 1.069299546121707412e+00
8.554389642857142206e+00 1.218982858044177942e+00
8.604562016129031932e+00 1.245306574172525993e+00
8.654734389400921657e+00 1.319308822454955399e+00
8.704906762672809606e+00 1.213464434346837262e+00
8.755079135944701108e+00 1.126251531311905474e+00
8.805251509216589056e+00 1.187576156415062201e+00
8.855423882488480558e+00 9.319973620373346312e-01
8.905596255760368507e+00 8.474884934832436212e-01
8.955768629032256456e+00 7.087339192422286160e-01
9.005941002304147958e+00 5.822522413358607318e-01
9.056113375576035907e+00 4.981287722244301941e-01
9.106285748847927408e+00 3.841804149563336490e-01
9.156458122119815357e+00 3.427286498081074106e-01
9.206630495391703306e+00 3.168944594963821748e-01
9.256802868663594808e+00 3.397124903714283661e-01
9.306975241935482757e+00 3.375020196023436614e-01
9.357147615207374258e+00 4.537512196694725164e-01
9.407319988479262207e+00 5.420970563659414099e-01
9.457492361751150156e+00 6.243572998097347559e-01
9.507664735023041658e+00 7.642845723215060394e-01
9.557837108294929607e+00 8.574839142706858208e-01
9.608009481566821108e+00 9.053926665624828507e-01
9.658181854838709057e+00 1.008513996981946992e+00
9.708354228110598783e+00 1.118739415796838665e+00
9.758526601382488508e+00 1.070531347687895041e+00
9.808698974654376457e+00 1.011561718418197309e+00
9.858871347926267958e+00 1.009004279579417407e+00
9.909043721198155907e+00 1.000084776745563397e+00
9.959216094470045633e+00 1.143703120496426751e+00
1.000938846774193536e+01 1.320561552860979981e+00
1.005956084101382331e+01 1.601252128789294682e+00
1.010973321428571481e+01 1.839648733690363747e+00
1.015990558755760276e+01 2.038170670311242549e+00
1.021007796082949426e+01 2.139232153724165642e+00
1.026025033410138221e+01 2.272640210165333130e+00
1.031042270737327016e+01 2.122475250535140745e+00
1.036059508064516166e+01 2.044938253101137082e+00
1.041076745391704961e+01 1.855830173812772266e+00
1.046093982718894111e+01 1.662255666389691910e+00
1.051111220046082906e+01 1.406698095234694135e+00
1.056128457373271701e+01 1.179431580557304349e+00
1.061145694700460851e+01 8.853820991987306765e-01
1.066162932027649646e+01 7.836466075378319962e-01
1.071180169354838796e+01 5.814255368684112524e-01
1.076197406682027591e+01 4.379454838226672919e-01
1.081214644009216563e+01 4.178600263585484642e-01
1.086231881336405536e+01 3.388307390397184427e-01
