# r(Å)   g(r)   (FINAL_STRUCTURE)
2.508340668202765217e-02 0.000000000000000000e+00
7.525022004608294957e-02 0.000000000000000000e+00
1.254170334101382678e-01 0.000000000000000000e+00
1.755838467741935582e-01 0.000000000000000000e+00
2.257506601382488765e-01 0.000000000000000000e+00
2.759174735023041669e-01 0.000000000000000000e+00
3.260842868663594851e-01 0.000000000000000000e+00
3.762511002304147478e-01 0.000000000000000000e+00
4.264179135944701216e-01 0.000000000000000000e+00
4.765847269585253843e-01 0.000000000000000000e+00
5.267515403225806470e-01 0.000000000000000000e+00
5.769183536866360207e-01 0.000000000000000000e+00
6.270851670506912834e-01 0.000000000000000000e+00
6.772519804147465461e-01 0.000000000000000000e+00
7.274187937788019198e-01 0.000000000000000000e+00
7.775856071428572935e-01 0.000000000000000000e+00
8.277524205069124452e-01 0.000000000000000000e+00
8.779192338709678189e-01 0.000000000000000000e+00
9.280860472350231927e-01 0.000000000000000000e+00
9.782528605990784554e-01 0.000000000000000000e+00
1.028419673963133718e+00 0.000000000000000000e+00
1.078586487327188870e+00 0.000000000000000000e+00
1.128753300691244466e+00 0.000000000000000000e+00
1.178920114055299617e+00 0.000000000000000000e+00
1.229086927419354769e+00 0.000000000000000000e+00
1.279253740783410365e+00 0.000000000000000000e+00
1.329420554147465516e+00 0.000000000000000000e+00
1.379587367511520890e+00 0.000000000000000000e+00
1.429754180875576264e+00 0.000000000000000000e+00
1.479920994239631415e+00 0.000000000000000000e+00
1.530087807603686789e+00 0.000000000000000000e+00
1.580254620967742163e+00 0.000000000000000000e+00
1.630421434331797315e+00 0.000000000000000000e+00
1.680588247695852688e+00 0.000000000000000000e+00
1.730755061059908062e+00 0.000000000000000000e+00
1.780921874423963214e+00 0.000000000000000000e+00
1.831088687788018587e+00 0.000000000000000000e+00
1.881255501152073961e+00 0.000000000000000000e+00
1.931422314516129113e+00 0.000000000000000000e+00
1.981589127880184709e+00 0.000000000000000000e+00
2.031755941244239860e+00 0.000000000000000000e+00
2.081922754608295012e+00 0.000000000000000000e+00
2.132089567972350608e+00 5.473771818777098397e-02
2.182256381336405759e+00 4.180006268938287195e-01
2.232423194700460911e+00 1.547775549679439866e+00
2.282590008064516063e+00 4.608627685387984840e+00
2.332756821428571659e+00 5.327063427028774889e+00
2.382923634792626810e+00 4.929851628260820462e+00
2.433090448156682406e+00 3.425652703847498870e+00
2.483257261520737558e+00 1.593883273969741943e+00
2.533424074884792709e+00 5.621544341214476104e-01
2.583590888248848305e+00 3.168658296224751703e-01
2.633757701612903457e+00 1.076153204230984456e-01
2.683924514976959053e+00 1.727167199601321521e-02
2.734091328341014204e+00 1.664368167767557583e-02
2.784258141705069356e+00 0.000000000000000000e+00
2.834424955069124508e+00 0.000000000000000000e+00
2.884591768433180103e+00 0.000000000000000000e+00
2.934758581797235255e+00 0.000000000000000000e+00
2.984925395161290851e+00 0.000000000000000000e+00
3.035092208525346003e+00 2.701244830703338623e-02
3.085259021889401154e+00 3.921173369959463084e-02
3.135425835253456306e+00 0.000000000000000000e+00
3.185592648617511902e+00 0.000000000000000000e+00
3.235759461981567053e+00 2.376601993907012308e-02
3.285926275345622649e+00 1.152294673527816220e-02
3.336093088709677801e+00 1.117900410264316760e-02
3.386259902073732952e+00 7.595163742836849585e-02
3.436426715437788104e+00 7.375029708093736036e-02
3.486593528801843700e+00 1.228170705373820698e-01
3.536760342165898852e+00 3.381800558387815792e-01
3.586927155529954447e+00 8.703179414930485303e-01
3.637093968894009599e+00 1.222686293732621055e+00
3.687260782258064751e+00 2.004090490968031713e+00
3.737427595622119902e+00 2.832452554361026831e+00
3.787594408986175498e+00 3.234917203163734545e+00
3.837761222350230650e+00 3.573270573719392385e+00
3.887928035714286246e+00 3.399344746572686482e+00
3.938094849078341397e+00 2.976345291093386525e+00
3.988261662442396549e+00 2.151034124950447435e+00
4.038428475806451701e+00 1.396073662859281361e+00
4.088595289170507741e+00 9.377875634139953842e-01
4.138762102534562004e+00 6.101275862726086574e-01
4.188928915898618044e+00 5.601489672013955090e-01
4.239095729262673196e+00 7.131375885937035752e-01
4.289262542626728347e+00 9.061961404217193650e-01
4.339429355990784387e+00 1.314833057358381518e+00
4.389596169354838651e+00 1.704659659604612187e+00
4.439762982718894690e+00 2.139750448086606305e+00
4.489929796082948954e+00 2.240322941908593268e+00
4.540096609447004994e+00 2.390276813405507461e+00
4.590263422811061034e+00 2.131646969070583264e+00
4.640430236175115297e+00 1.652467504184553126e+00
4.690597049539171337e+00 1.198845146418216601e+00
4.740763862903225601e+00 8.137748337940228227e-01
4.790930676267281640e+00 4.878500883987797465e-01
4.841097489631336792e+00 3.079101961887938388e-01
4.891264302995391944e+00 1.352118949883915344e-01
4.941431116359447984e+00 5.604941497672148720e-02
4.991597929723502247e+00 6.990895471589297916e-02
5.041764743087558287e+00 9.299775918832950405e-02
5.091931556451613439e+00 9.117433271315600329e-02
5.142098369815668590e+00 2.070408733433719561e-01
5.192265183179724630e+00 2.815142263812978607e-01
5.242431996543778894e+00 4.029106077729386337e-01
5.292598809907834934e+00 5.685339304306599173e-01
5.342765623271889197e+00 6.276458703349246937e-01
5.392932436635945237e+00 7.058598409504462934e-01
5.443099250000001277e+00 7.726981319782871838e-01
5.493266063364055540e+00 7.875111300515827972e-01
5.543432876728111580e+00 7.368828651201865254e-01
5.593599690092165844e+00 5.646642447120916453e-01
5.643766503456221884e+00 6.874788682251038452e-01
5.693933316820277035e+00 7.368197973067667217e-01
5.744100130184332187e+00 9.238616516308461035e-01
5.794266943548388227e+00 1.037638171968085610e+00
5.844433756912442490e+00 1.373224119680282129e+00
5.894600570276498530e+00 1.332045854411585406e+00
5.944767383640552794e+00 1.302617882807073801e+00
5.994934197004608833e+00 1.246288953915994258e+00
6.045101010368664873e+00 9.975751543105447761e-01
6.095267823732719137e+00 8.606621534411926788e-01
6.145434637096775177e+00 5.402861675843912970e-01
6.195601450460829440e+00 3.565422387235693824e-01
6.245768263824885480e+00 2.487758134130838017e-01
6.295935077188940632e+00 2.762151610298042570e-01
6.346101890552995783e+00 3.830830729120958122e-01
6.396268703917051823e+00 5.838929382705275728e-01
6.446435517281106087e+00 9.880071391449440910e-01
6.496602330645162127e+00 1.235170520821937012e+00
6.546769144009217278e+00 1.593689773912037255e+00
6.596935957373272430e+00 1.955496725754397369e+00
6.647102770737328470e+00 2.117574080904990996e+00
6.697269584101382733e+00 2.124803619638303775e+00
6.747436397465438773e+00 2.123386439404630011e+00
6.797603210829493037e+00 1.817514152159419138e+00
6.847770024193549077e+00 1.687502638161795909e+00
6.897936837557605116e+00 1.461702828209933802e+00
6.948103650921659380e+00 1.314387234594009968e+00
6.998270464285715420e+00 1.343878441450923722e+00
7.048437277649769683e+00 1.312294761202914772e+00
7.098604091013825723e+00 1.283935616286459469e+00
7.148770904377880875e+00 1.022521313884025895e+00
7.198937717741936027e+00 1.020323666698784049e+00
7.249104531105992066e+00 7.316032767005332671e-01
7.299271344470046330e+00 5.347642622760865327e-01
7.349438157834102370e+00 3.616407045905746243e-01
7.399604971198156633e+00 3.294859409109406889e-01
7.449771784562212673e+00 3.743833384338878800e-01
7.499938597926268713e+00 4.600805993257581217e-01
7.550105411290322976e+00 6.351451428538512634e-01
7.600272224654379016e+00 7.732540370229085136e-01
7.650439038018433280e+00 8.715598252261641532e-01
7.700605851382489320e+00 9.147928965634206655e-01
7.750772664746544471e+00 1.039680320198593133e+00
7.800939478110599623e+00 1.122443917769845756e+00
7.851106291474655663e+00 1.249439056562261285e+00
7.901273104838709926e+00 1.221666005649730380e+00
7.951439918202765966e+00 1.503446487671552534e+00
8.001606731566820230e+00 1.342795384939487580e+00
8.051773544930876270e+00 1.512269972886725489e+00
8.101940358294932309e+00 1.343861104294118869e+00
8.152107171658986573e+00 1.250613035800537176e+00
8.202273985023042613e+00 9.653576113612724052e-01
8.252440798387098653e+00 9.116371055721459449e-01
8.302607611751152916e+00 7.291865300608079137e-01
8.352774425115207180e+00 7.061874491347124305e-01
8.402941238479263220e+00 8.052669542872639141e-01
8.453108051843319259e+00 8.967280066958056572e-01
8.503274865207373523e+00 1.049648187538794408e+00
8.553441678571429563e+00 1.192127197810692207e+00
8.603608491935485603e+00 1.334583075798504437e+00
8.653775305299539866e+00 1.247714183196373616e+00
8.703942118663594130e+00 1.258007409516417985e+00
8.754108932027651946e+00 1.168947577469654719e+00
8.804275745391706209e+00 1.102696282337321643e+00
8.854442558755760473e+00 9.331282438843750970e-01
8.904609372119816513e+00 8.222199563389235299e-01
8.954776185483872553e+00 7.633823525735131676e-01
9.004942998847926816e+00 6.474958837107258613e-01
9.055109812211981080e+00 4.977060389904224835e-01
9.105276625576038896e+00 3.841848173274468592e-01
9.155443438940093159e+00 3.042857586955696747e-01
9.205610252304147423e+00 3.127238336373076577e-01
9.255777065668203463e+00 3.137000131689869353e-01
9.305943879032259503e+00 3.548645883034342585e-01
9.356110692396313766e+00 4.434559345078099013e-01
9.406277505760369806e+00 5.020179344871731342e-01
9.456444319124425846e+00 6.831441512238982661e-01
9.506611132488480109e+00 8.136219085592230060e-01
9.556777945852534373e+00 9.249822671309156918e-01
9.606944759216590413e+00 9.247836910370377250e-01
9.657111572580646452e+00 1.049945793586567477e+00
9.707278385944700716e+00 1.106459961951640647e+00
9.757445199308756756e+00 1.065054988107094314e+00
9.807612012672812796e+00 9.843391902569357255e-01
9.857778826036867059e+00 9.602621405278720657e-01
9.907945639400921323e+00 9.657716075293746316e-01
9.958112452764979139e+00 1.158068770696093264e+00
1.000827926612903340e+01 1.283122740973285492e+00
1.005844607949308767e+01 1.553203234664655596e+00
1.010861289285714371e+01 1.795955691864263182e+00
1.015877970622119975e+01 1.968746672081593818e+00
1.020894651958525401e+01 2.196558185329362978e+00
1.025911333294931005e+01 2.255513704625341731e+00
1.030928014631336609e+01 2.255858190377814765e+00
1.035944695967742035e+01 2.033495512220365953e+00
1.040961377304147462e+01 1.802674019809166861e+00
1.045978058640553066e+01 1.711504868090842235e+00
1.050994739976958670e+01 1.409103911526718989e+00
1.056011421313364096e+01 1.150292367469500920e+00
1.061028102649769700e+01 9.261408835230733327e-01
1.066044783986175304e+01 7.203802759951359880e-01
1.071061465322580730e+01 5.292707082841137112e-01
1.076078146658986157e+01 4.577294014031554892e-01
1.081094827995391938e+01 3.842965304738343857e-01
1.086111509331797365e+01 3.744263199866891823e-01
